16.633,30,498,33
B0,mixamorig_Hips,-1,0.9857566952705383,-0.15773464739322662,0.058333344757556915,0,0.16088096797466278,0.9855033159255981,-0.053852494806051254,0,-0.048993419855833054,0.06247028335928917,0.9968433380126953,0,-0.0035101480316370726,2.6190013885498047,-0.020440632477402687,1
B1,mixamorig_Spine,0,0.9863013029098511,0.16469264030456543,0.009288481436669827,0,-0.14769454300403595,0.9067755341529846,-0.39489659667015076,0,-0.07345931977033615,0.3881148397922516,0.9186784625053406,0,0,0.23156799376010895,-0.08439599722623825,1
B2,mixamorig_Spine1,1,0.9990035891532898,0.04087061062455177,0.017953652888536453,0,-0.041398752480745316,0.9986900687217712,0.03008129447698593,0,-0.016699975356459618,-0.030794769525527954,0.9993861317634583,0,0,0.28754499554634094,0,1
B3,mixamorig_Spine2,2,0.9990387558937073,0.03861777111887932,0.020724406465888023,0,-0.03924325853586197,0.9987581372261047,0.030685557052493095,0,-0.019513947889208794,-0.03146924823522568,0.9993140697479248,0,0,0.3286229968070984,0,1
B4,mixamorig_Neck,3,0.9946425557136536,-0.09721687436103821,-0.035133711993694305,0,0.1029592752456665,0.9014351963996887,0.4204924702644348,0,-0.009208055213093758,-0.4218568801879883,0.9066150784492493,0,0,0.36970099806785583,0,1
B5,mixamorig_Head,4,0.9994086027145386,0.021326711401343346,0.026954296976327896,0,-0.01615801639854908,0.9836780428886414,-0.17920982837677002,0,-0.030337054282426834,0.17866811156272888,0.9834411144256592,0,0,0.24535900354385376,0.1719129979610443,1
B6,mixamorig_HeadTop_End,5,1,0,0,0,0,1,0,0,0,0,1,0,0,1.3334259986877441,0.9342769980430603,1
B7,mixamorig_LeftShoulder,3,0.19824476540088654,0.0049699340015649796,-0.9801400303840637,0,0.9624962210655212,0.1879623532295227,0.19562864303588867,0,0.1852022111415863,-0.9821630120277405,0.03247927501797676,0,0.22095000743865967,0.4231649935245514,0.018811000511050224,1
B8,mixamorig_LeftArm,7,0.9100897312164307,0.009920032694935799,-0.4142928719520569,0,0.4078960716724396,-0.19801636040210724,0.8912960290908813,0,-0.07319565117359161,-0.9801484942436218,-0.18425831198692322,0,0,0.44410601258277893,0,1
B9,mixamorig_LeftForeArm,8,0.9309383034706116,0.3640424609184265,-0.028745612129569054,0,-0.36441853642463684,0.9311922788619995,-0.008956486359238625,0,0.02350681833922863,0.018814105540513992,0.9995469450950623,0,0,0.8114719986915588,0,1
B10,mixamorig_LeftHand,9,0.9402850270271301,0.12084991484880447,-0.31821224093437195,0,-0.08560305088758469,0.9887627959251404,0.12255991995334625,0,0.3294474184513092,-0.08800094574689865,0.9400643110275269,0,0,0.7403349876403809,0,1
B11,mixamorig_LeftHandIndex1,10,0.9999219179153442,0.011276792734861374,-0.005373179912567139,0,-0.009266880340874195,0.9580990076065063,0.28628891706466675,0,0.008376137353479862,-0.2862168848514557,0.9581279754638672,0,0,0.2285660058259964,0,1
B12,mixamorig_LeftHandIndex2,11,0.75642329454422,0.6503933072090149,0.06936924904584885,0,-0.6342911124229431,0.7552899718284607,-0.1649605631828308,0,-0.15968331694602966,0.08077909797430038,0.9838578701019287,0,0,0.2257709950208664,0,1
B13,mixamorig_LeftHandIndex3,12,0.930534839630127,-0.34383663535118103,0.12601710855960846,0,0.2388569563627243,0.8307202458381653,0.5028431415557861,0,-0.2775813639163971,-0.437813401222229,0.855141818523407,0,0.1603350043296814,0.15775999426841736,0.10286100208759308,1
B14,mixamorig_LeftHandIndex4,13,1,0,0,0,0,1,0,0,0,0,1,0,0.06786999851465225,0.12065500020980835,0.053964000195264816,1
B15,mixamorig_RightShoulder,3,0.17628274857997894,-0.004801797214895487,0.9843276143074036,0,-0.9688693284988403,0.17574165761470795,0.17437104880809784,0,-0.17382515966892242,-0.9844244122505188,0.02632712572813034,0,-0.22095000743865967,0.4227310121059418,0.0200009997934103,1
B16,mixamorig_RightArm,15,0.884186327457428,-0.14147362112998962,0.445195734500885,0,-0.441152423620224,0.0605204775929451,0.8953883051872253,0,-0.1536172777414322,-0.9880902171134949,-0.008900066837668419,0,0,0.44410601258277893,0,1
B17,mixamorig_RightForeArm,16,0.8795264959335327,-0.4746410548686981,0.03388643637299538,0,0.47531405091285706,0.8796834945678711,-0.01527183037251234,0,-0.02256016992032528,0.029538573697209358,0.9993089437484741,0,0,0.811805009841919,0,1
B18,mixamorig_RightHand,17,0.9624961614608765,-0.02134687453508377,0.270454078912735,0,0.015819959342479706,0.9996192455291748,0.022599011659622192,0,-0.2708335816860199,-0.017472971230745316,0.9624671936035156,0,0,0.7414270043373108,0,1
B19,mixamorig_RightHandIndex1,18,0.244853213429451,-0.39680618047714233,0.884641706943512,0,-0.04069275036454201,0.9074059128761292,0.4182797372341156,0,-0.9687060713768005,-0.1384158432483673,0.20603488385677338,0,0,0.5161979794502258,0,1
B20,mixamorig_RightHandIndex2,19,0.9379530549049377,0.33970126509666443,0.06962019950151443,0,-0.3467470705509186,0.9168965220451355,0.19765342772006989,0,0.0033085085451602936,-0.20952986180782318,0.977796733379364,0,0,0.12566299736499786,0,1
B21,mixamorig_RightHandIndex3,20,0.8417593836784363,-0.5279322266578674,0.11281750351190567,0,0.5136327743530273,0.8475300073623657,0.1336938440799713,0,-0.1661972850561142,-0.054590582847595215,0.9845797419548035,0,0.10077700018882751,0.1576859951019287,-0.026273999363183975,1
B22,mixamorig_RightHandIndex4,21,1,0,0,0,0,1,0,0,0,0,1,0,0.037167999893426895,0.0946969985961914,-0.017371000722050667,1
B23,mixamorig_LeftUpLeg,0,-0.9678650498390198,-0.2033325433731079,0.1479659080505371,0,0.23810775578022003,-0.9302602410316467,0.2791435718536377,0,0.08088808506727219,0.3054048418998718,0.9487809538841248,0,0.3726179897785187,-0.1285099983215332,0.0006639999919570982,1
B24,mixamorig_LeftLeg,23,0.9910526275634766,0.037983488291502,0.12795262038707733,0,0.062218960374593735,0.7166458368301392,-0.694656491279602,0,-0.11808203160762787,0.6964026689529419,0.7078704237937927,0,0,1.0933150053024292,0,1
B25,mixamorig_LeftFoot,24,0.9995564818382263,0.02567964605987072,0.015050048008561134,0,-0.02014094963669777,0.21121931076049805,0.9772315621376038,0,0.021915491670370102,-0.9771015048027039,0.21164283156394958,0,0,1.1115670204162598,0,1
B26,mixamorig_LeftToeBase,25,0.9999960064888,-0.0013323933817446232,-0.002470131032168865,0,0.002497393172234297,0.8241247534751892,0.5664024949073792,0,0.001281868782825768,-0.5664064884185791,0.8241247534751892,0,0,0.654666006565094,0,1
B27,mixamorig_LeftToe_End,26,1,0,0,0,0,1,0,0,0,0,1,0,0,0.28549399971961975,0,1
B28,mixamorig_RightUpLeg,0,-0.9784002304077148,-0.1534903347492218,-0.13847264647483826,0,0.1471196860074997,-0.987578272819519,0.05518195033073425,0,-0.14522221684455872,0.03361837938427925,0.9888275265693665,0,-0.3726179897785187,-0.1285099983215332,0.01796800084412098,1
B29,mixamorig_RightLeg,28,0.9945390820503235,0.028235286474227905,-0.10047167539596558,0,-0.061846330761909485,0.9349096417427063,-0.34945613145828247,0,0.08406432718038559,0.35376203060150146,0.931550145149231,0,0,1.0932480096817017,0,1
B30,mixamorig_RightFoot,29,0.9914832711219788,-0.11988690495491028,0.05088275671005249,0,0.0010170645546168089,0.3978009521961212,0.9174711108207703,0,-0.13023364543914795,-0.909605085849762,0.3945353031158447,0,0,1.1097240447998047,0,1
B31,mixamorig_RightToeBase,30,0.9999970197677612,-0.0006048250943422318,0.002318043727427721,0,-0.0009291748865507543,0.7938925623893738,0.6080579161643982,0,-0.002207912504673004,-0.6080579161643982,0.7938895225524902,0,0,0.6369990110397339,0,1
B32,mixamorig_RightToe_End,31,1,0,0,0,0,1,0,0,0,0,1,0,0,0.2689119875431061,0,1
@28,0,1,2,3,4,5,7,8,9,10,11,12,13,15,16,17,18,19,20,21,23,24,25,26,28,29,30,31
K0.000,0.9858229756355286,-0.15852700173854828,0.0549749992787838,0,0.16170500218868256,0.9850620031356812,-0.05920000001788139,0,-0.04476900026202202,0.06724999845027924,0.9967309832572937,0,0.005117000080645084,2.6196908950805664,0.0020920000970363617,1,0.9862350225448608,0.16507600247859955,0.00955200009047985,0,-0.14715899527072906,0.9025980234146118,-0.4045499861240387,0,-0.07540299743413925,0.3975760042667389,0.9144660234451294,0,0,0.23156799376010895,-0.08439599722623825,1,0.9989590048789978,0.04170199856162071,0.018492000177502632,0,-0.042194999754428864,0.9987409710884094,0.027115000411868095,0,-0.017338000237941742,-0.027867000550031662,0.9994609951972961,0,0,0.28754499554634094,0,1,0.998989999294281,0.03939500078558922,0.02160700038075447,0,-0.03998599946498871,0.9988170266151428,0.027675999328494072,0,-0.02049100026488304,-0.028511999174952507,0.9993829727172852,0,0,0.3286229968070984,0,1,0.9941970109939575,-0.10000000149011612,-0.03965900093317032,0,0.10736700147390366,0.89935702085495,0.42382699251174927,0,-0.00671500014141202,-0.4256260097026825,0.9048740267753601,0,0,0.36970099806785583,0,1,0.9997249841690063,0.011323000304400921,0.02051899954676628,0,-0.007540999911725521,0.9843980073928833,-0.1757960021495819,0,-0.022190000861883163,0.17559300363063812,0.9842129945755005,0,0,0.24535900354385376,0.1719129979610443,1,0.19162799417972565,0.007751000113785267,-0.9814370274543762,0,0.9589930176734924,0.21129100024700165,0.1889140009880066,0,0.2088329941034317,-0.9773920178413391,0.033055998384952545,0,0.22095000743865967,0.4231649935245514,0.018811000511050224,1,0.8788380026817322,-0.052129000425338745,-0.4742630124092102,0,0.4473319947719574,-0.25569599866867065,0.8570380210876465,0,-0.16594399511814117,-0.9653509855270386,-0.20139600336551666,0,0,0.44410601258277893,0,1,0.9289510250091553,0.3690800070762634,-0.028795000165700912,0,-0.3694609999656677,0.9292020201683044,-0.009081000462174416,0,0.023405000567436218,0.019075000658631325,0.9995440244674683,0,0,0.8114719986915588,0,1,0.956932008266449,0.11891400068998337,-0.2648400068283081,0,-0.10770399868488312,0.992576003074646,0.05650699883699417,0,0.2695930004119873,-0.02554900012910366,0.9626349806785583,0,0,0.7403349876403809,0,1,0.9998689889907837,0.01437199953943491,-0.007459999993443489,0,-0.012742999941110611,0.9826260209083557,0.18515899777412415,0,0.009991000406444073,-0.1850389987230301,0.9826800227165222,0,0,0.2285660058259964,0,1,0.7517099976539612,0.6592839956283569,-0.016606999561190605,0,-0.6396089792251587,0.722678005695343,-0.2619839906692505,0,-0.16072100400924683,0.20755800604820251,0.9649289846420288,0,0,0.2257709950208664,0,1,0.9560030102729797,-0.288426011800766,0.05355999991297722,0,0.2546769976615906,0.9066150188446045,0.336436003446579,0,-0.1455949991941452,-0.30799299478530884,0.9401819705963135,0,0.1603350043296814,0.15775999426841736,0.10286100208759308,1,0.1520940065383911,-0.009038999676704407,0.9883249998092651,0,-0.9671880006790161,0.20453199744224548,0.1507119983434677,0,-0.2035059928894043,-0.9788179993629456,0.022366000339388847,0,-0.22095000743865967,0.4227310121059418,0.0200009997934103,1,0.8749290108680725,-0.12205799669027328,0.4686169922351837,0,-0.47096899151802063,0.010621000081300735,0.8820859789848328,0,-0.11264300346374512,-0.9924659729003906,-0.04819300025701523,0,0,0.44410601258277893,0,1,0.8836759924888611,-0.4668799936771393,0.03375300019979477,0,0.46754199266433716,0.8838430047035217,-0.015022999607026577,0,-0.022818999364972115,0.029055999591946602,0.9993169903755188,0,0,0.811805009841919,0,1,0.9582340121269226,-0.022505000233650208,0.28509700298309326,0,0.02092600055038929,0.9997439980506897,0.008581999689340591,0,-0.2852169871330261,-0.002256999956443906,0.9584599733352661,0,0,0.7414270043373108,0,1,0.24370500445365906,-0.3545440137386322,0.9027220010757446,0,-0.04331500083208084,0.9258779883384705,0.3753330111503601,0,-0.9688820242881775,-0.13057200610637665,0.21028399467468262,0,0,0.5161979794502258,0,1,0.9237970113754272,0.3772929906845093,0.06518200039863586,0,-0.38271400332450867,0.9048720002174377,0.18637600541114807,0,0.01133699994534254,-0.19711999595165253,0.9803140163421631,0,0,0.12566299736499786,0,1,0.8983889818191528,-0.4288569986820221,0.09475500136613846,0,0.420646995306015,0.9022189974784851,0.0951709970831871,0,-0.1263040006160736,-0.04564199969172478,0.9909409880638123,0,0.10077700018882751,0.1576859951019287,-0.026273999363183975,1,-0.9672060012817383,-0.20494399964809418,0.1500360071659088,0,0.23881100118160248,-0.9349439740180969,0.26239100098609924,0,0.08649999648332596,0.2896159887313843,0.9532259702682495,0,0.3726179897785187,-0.1285099983215332,0.0006639999919570982,1,0.9914640188217163,0.0344420000910759,0.12574900686740875,0,0.06253299862146378,0.7206850051879883,-0.6904360055923462,0,-0.11440499871969223,0.6924059987068176,0.7123799920082092,0,0,1.0933150053024292,0,1,0.9994170069694519,0.03410499915480614,-0.001816999982111156,0,-0.00533499987795949,0.2084610015153885,0.9780160188674927,0,0.033734001219272614,-0.9774360060691833,0.20852099359035492,0,0,1.1115670204162598,0,1,0.9999970197677612,-0.0004970000009052455,-0.002222999930381775,0,0.0016899999463930726,0.8163319826126099,0.577580988407135,0,0.0015269999857991934,-0.5775830149650574,0.8163300156593323,0,0,0.654666006565094,0,1,-0.9797189831733704,-0.1485310047864914,-0.13449600338935852,0,0.14523300528526306,-0.9888110160827637,0.03406799957156181,0,-0.13805200159549713,0.013844000175595284,0.9903280138969421,0,-0.3726179897785187,-0.1285099983215332,0.01796800084412098,1,0.9940140247344971,0.02803800068795681,-0.10559199750423431,0,-0.062481001019477844,0.9387400150299072,-0.33891600370407104,0,0.08962099999189377,0.3434849977493286,0.9348719716072083,0,0,1.0932480096817017,0,1,0.9924479722976685,-0.11272899806499481,0.04836300015449524,0,-0.00007200000254670158,0.3937380015850067,0.9192230105400085,0,-0.12266600131988525,-0.9122840166091919,0.3907569944858551,0,0,1.1097240447998047,0,1,0.9999970197677612,-0.0005029999883845448,0.0023499999660998583,0,-0.0010270000202581286,0.7948930263519287,0.6067489981651306,0,-0.0021730000153183937,-0.6067489981651306,0.7948899865150452,0,0,0.6369990110397339,0,1
K0.033,0.9858279824256897,-0.1587509959936142,0.054231997579336166,0,0.16189900040626526,0.9850040078163147,-0.059637002646923065,0,-0.04395199567079544,0.06757200509309769,0.9967460036277771,0,0.0049849990755319595,2.619442939758301,0.0011599920690059662,1,0.9862350225448608,0.16507300734519958,0.009609000757336617,0,-0.14732399582862854,0.9036089777946472,-0.40222597122192383,0,-0.07507999986410141,0.39527398347854614,0.9154899716377258,0,0,0.23156799376010895,-0.08439599722623825,1,0.998960018157959,0.04155199974775314,0.01878800429403782,0,-0.04201299697160721,0.9988080263137817,0.024855975061655045,0,-0.017732003703713417,-0.025619976222515106,0.9995139837265015,0,0,0.28754499554634094,0,1,0.9989870190620422,0.039351001381874084,0.021815001964569092,0,-0.0399009995162487,0.9988809823989868,0.025403976440429688,0,-0.020791003480553627,-0.026248976588249207,0.999439001083374,0,0,0.3286229968070984,0,1,0.9941949844360352,-0.09995800256729126,-0.03981800377368927,0,0.10738900303840637,0.8988680243492126,0.4248569905757904,0,-0.00667699845507741,-0.4266659915447235,0.904384970664978,0,0,0.36970099806785583,0,1,0.9997190237045288,0.011487000621855259,0.020723000168800354,0,-0.007711001206189394,0.9847480058670044,-0.17381398379802704,0,-0.022404000163078308,0.17360498011112213,0.9845600128173828,0,0,0.24535900354385376,0.1719129979610443,1,0.19151000678539276,0.0076870000921189785,-0.9814609885215759,0,0.9590870141983032,0.2109680026769638,0.1887969970703125,0,0.20850799977779388,-0.9774630069732666,0.03302999958395958,0,0.22095000743865967,0.4231649935245514,0.018811000511050224,1,0.8774530291557312,-0.0525360070168972,-0.47677701711654663,0,0.44973501563072205,-0.25549399852752686,0.8558390140533447,0,-0.16677601635456085,-0.9653819799423218,-0.20055699348449707,0,0,0.44410601258277893,0,1,0.9292020201683044,0.36844900250434875,-0.02878900058567524,0,-0.36882999539375305,0.9294530153274536,-0.009065999649465084,0,0.0234179999679327,0.0190420001745224,0.9995440244674683,0,0,0.8114719986915588,0,1,0.9574469923973083,0.11915300786495209,-0.26286500692367554,0,-0.10822600871324539,0.9925640225410461,0.055717986077070236,0,0.2675490081310272,-0.0248979851603508,0.9632229804992676,0,0,0.7403349876403809,0,1,0.9998689889907837,0.014372999779880047,-0.007459999993443489,0,-0.012742999941110611,0.9826260209083557,0.18515799939632416,0,0.009991000406444073,-0.1850389987230301,0.9826800227165222,0,0,0.2285660058259964,0,1,0.7517110109329224,0.6592839956283569,-0.016606999561190605,0,-0.6396089792251587,0.7226790189743042,-0.2619839906692505,0,-0.16072000563144684,0.20755800604820251,0.9649289846420288,0,0,0.2257709950208664,0,1,0.9560030102729797,-0.288426011800766,0.05355999991297722,0,0.2546769976615906,0.9066150188446045,0.336436003446579,0,-0.1455949991941452,-0.30799299478530884,0.9401819705963135,0,0.1603350043296814,0.15775999426841736,0.10286100208759308,1,0.15227000415325165,-0.008886999450623989,0.9882990121841431,0,-0.9673169851303101,0.20380499958992004,0.15086999535560608,0,-0.2027609944343567,-0.978971004486084,0.022437002509832382,0,-0.22095000743865967,0.4227310121059418,0.0200009997934103,1,0.8737999796867371,-0.12324801832437515,0.47040703892707825,0,-0.4727550446987152,0.011304005049169064,0.8811219930648804,0,-0.11391401290893555,-0.9923120141029358,-0.0483890064060688,0,0,0.44410601258277893,0,1,0.883774995803833,-0.4666930139064789,0.03375000134110451,0,0.46735501289367676,0.8839420080184937,-0.015017000027000904,0,-0.022825000807642937,0.029045000672340393,0.9993169903755188,0,0,0.811805009841919,0,1,0.958482027053833,-0.02276799827814102,0.28424397110939026,0,0.02108299545943737,0.999737024307251,0.008987008593976498,0,-0.2843739986419678,-0.002621009014546871,0.9587100148200989,0,0,0.7414270043373108,0,1,0.24370500445365906,-0.3545440137386322,0.9027220010757446,0,-0.04331500083208084,0.9258779883384705,0.3753319978713989,0,-0.9688820242881775,-0.13057200610637665,0.21028399467468262,0,0,0.5161979794502258,0,1,0.9237970113754272,0.3772929906845093,0.06518200039863586,0,-0.38271400332450867,0.9048720002174377,0.18637600541114807,0,0.01133699994534254,-0.19711999595165253,0.9803140163421631,0,0,0.12566299736499786,0,1,0.8983889818191528,-0.4288569986820221,0.09475500136613846,0,0.420646995306015,0.9022189974784851,0.0951709970831871,0,-0.1263040006160736,-0.04564199969172478,0.9909409880638123,0,0.10077700018882751,0.1576859951019287,-0.026273999363183975,1,-0.9672889709472656,-0.2049819976091385,0.14944599568843842,0,0.23875999450683594,-0.9346889853477478,0.2633430063724518,0,0.0857049971818924,0.29041001200675964,0.9530559778213501,0,0.3726179897785187,-0.1285099983215332,0.0006639999919570982,1,0.992156982421875,0.03241998702287674,0.12071797251701355,0,0.06052998825907707,0.7203660011291504,-0.6909480094909668,0,-0.10936097055673599,0.6928359866142273,0.7127540111541748,0,0,1.0933150053024292,0,1,0.999396026134491,0.03469400480389595,-0.0018439993727952242,0,-0.005482001695781946,0.20987200736999512,0.9777140021324158,0,0.03430800512433052,-0.9771130084991455,0.2099349945783615,0,0,1.1115670204162598,0,1,0.9999979734420776,-0.0003589996777009219,-0.0021810000762343407,0,0.001555999624542892,0.8150209784507751,0.5794289708137512,0,0.0015700000803917646,-0.5794309973716736,0.8150200247764587,0,0,0.654666006565094,0,1,-0.9796630144119263,-0.14896200597286224,-0.1344289928674698,0,0.14560100436210632,-0.9887400269508362,0.034557003527879715,0,-0.1380629986524582,0.014282003045082092,0.9903200268745422,0,-0.3726179897785187,-0.1285099983215332,0.01796800084412098,1,0.9939380288124084,0.02748899534344673,-0.1064470037817955,0,-0.06235000118613243,0.9384099841117859,-0.3398520052433014,0,0.09054800868034363,0.34442800283432007,0.934436023235321,0,0,1.0932480096817017,0,1,0.9924610257148743,-0.11261100322008133,0.0483659990131855,0,-0.00015200042980723083,0.39350301027297974,0.9193230271339417,0,-0.12255900353193283,-0.9124000072479248,0.39052000641822815,0,0,1.1097240447998047,0,1,0.9999970197677612,-0.0005029999883845448,0.0023499999660998583,0,-0.0010270000202581286,0.7948930263519287,0.6067489981651306,0,-0.0021730000153183937,-0.6067489981651306,0.7948899865150452,0,0,0.6369990110397339,0,1
K0.067,0.9858310222625732,-0.15884600579738617,0.053908005356788635,0,0.16199100017547607,0.9849629998207092,-0.060064997524023056,0,-0.043556004762649536,0.06794699281454086,0.9967380166053772,0,0.004913000855594873,2.6192901134490967,0.00036600788007490337,1,0.9862319827079773,0.1650809943675995,0.00969499908387661,0,-0.14750899374485016,0.9047219753265381,-0.39965003728866577,0,-0.07474599778652191,0.39271801710128784,0.9166169762611389,0,0,0.23156799376010895,-0.08439599722623825,1,0.998960018157959,0.041381001472473145,0.019144997000694275,0,-0.04180600494146347,0.9988740086555481,0.022406024858355522,0,-0.018195996060967445,-0.023183023557066917,0.9995660185813904,0,0,0.28754499554634094,0,1,0.9989839792251587,0.03929299861192703,0.02207699790596962,0,-0.039799001067876816,0.9989439845085144,0.022937024012207985,0,-0.02115199714899063,-0.023792024701833725,0.9994930028915405,0,0,0.3286229968070984,0,1,0.9941970109939575,-0.0998459979891777,-0.04003499448299408,0,0.10737399756908417,0.8983910083770752,0.4258689880371094,0,-0.006555001251399517,-0.42769700288772583,0.9038980007171631,0,0,0.36970099806785583,0,1,0.9997169971466064,0.011577999219298363,0.02077599987387657,0,-0.007842998951673508,0.985135018825531,-0.1716020107269287,0,-0.022453999146819115,0.17139001190662384,0.9849470257759094,0,0,0.24535900354385376,0.1719129979610443,1,0.1914380043745041,0.007670000195503235,-0.9814749956130981,0,0.9591259956359863,0.2108529955148697,0.188727006316185,0,0.20839400589466095,-0.9774879813194275,0.03300900012254715,0,0.22095000743865967,0.4231649935245514,0.018811000511050224,1,0.8760129809379578,-0.053290992975234985,-0.4793339669704437,0,0.4519939720630646,-0.2559739947319031,0.8545050024986267,0,-0.1682339906692505,-0.9652140140533447,-0.20014899969100952,0,0,0.44410601258277893,0,1,0.9296919703483582,0.36721301078796387,-0.028776999562978745,0,-0.3675920069217682,0.9299430251121521,-0.00903599988669157,0,0.02344300039112568,0.018977999687194824,0.9995449781417847,0,0,0.8114719986915588,0,1,0.9577159881591797,0.11972199380397797,-0.26162299513816833,0,-0.10923699289560318,0.9925310015678406,0.05431101471185684,0,0.26617100834846497,-0.023436015471816063,0.9636409878730774,0,0,0.7403349876403809,0,1,0.9998689889907837,0.014372999779880047,-0.007459999993443489,0,-0.012742999941110611,0.9826260209083557,0.18515799939632416,0,0.009991999715566635,-0.1850389987230301,0.9826800227165222,0,0,0.2285660058259964,0,1,0.7517099976539612,0.6592839956283569,-0.016605999320745468,0,-0.6396089792251587,0.722678005695343,-0.2619839906692505,0,-0.16072100400924683,0.20755800604820251,0.9649289846420288,0,0,0.2257709950208664,0,1,0.9559879899024963,-0.2884649932384491,0.05362100154161453,0,0.2546739876270294,0.9065660238265991,0.33656999468803406,0,-0.14569899439811707,-0.30810099840164185,0.9401310086250305,0,0.1603350043296814,0.15775999426841736,0.10286100208759308,1,0.15290099382400513,-0.008781000971794128,0.9882029891014099,0,-0.9673609733581543,0.20314200222492218,0.1514810025691986,0,-0.2020760029554367,-0.9791100025177002,0.022565998136997223,0,-0.22095000743865967,0.4227310121059418,0.0200009997934103,1,0.8724849820137024,-0.1246899887919426,0.4724629819393158,0,-0.4748469591140747,0.011757995001971722,0.8799899816513062,0,-0.11528098583221436,-0.9921259880065918,-0.04894999787211418,0,0,0.44410601258277893,0,1,0.883745014667511,-0.46674999594688416,0.033750999718904495,0,0.46741101145744324,0.8839120268821716,-0.015018000267446041,0,-0.022823000326752663,0.029047999531030655,0.9993169903755188,0,0,0.811805009841919,0,1,0.9589269757270813,-0.02261900156736374,0.2827509939670563,0,0.0206960029900074,0.9997379779815674,0.00978299230337143,0,-0.2828980088233948,-0.0035289910156279802,0.9591429829597473,0,0,0.7414270043373108,0,1,0.24370500445365906,-0.3545440137386322,0.9027220010757446,0,-0.04331500083208084,0.9258779883384705,0.3753330111503601,0,-0.9688820242881775,-0.13057200610637665,0.21028399467468262,0,0,0.5161979794502258,0,1,0.9237970113754272,0.3772920072078705,0.06518200039863586,0,-0.38271400332450867,0.9048730134963989,0.18637600541114807,0,0.01133699994534254,-0.19711999595165253,0.9803140163421631,0,0,0.12566299736499786,0,1,0.8983889818191528,-0.4288569986820221,0.09475500136613846,0,0.420646995306015,0.9022189974784851,0.0951709970831871,0,-0.1263040006160736,-0.04564199969172478,0.9909409880638123,0,0.10077700018882751,0.1576859951019287,-0.026273999363183975,1,-0.9672960042953491,-0.2050500065088272,0.14930899441242218,0,0.2388249933719635,-0.934548020362854,0.2637839913368225,0,0.0854479968547821,0.2908160090446472,0.9529560208320618,0,0.3726179897785187,-0.1285099983215332,0.0006639999919570982,1,0.9925220012664795,0.031176013872027397,0.11801502853631973,0,0.05958601087331772,0.7200679779052734,-0.691340982913971,0,-0.1065320298075676,0.6932029724121094,0.7128260135650635,0,0,1.0933150053024292,0,1,0.9993810057640076,0.03512399643659592,-0.0017820005305111408,0,-0.005650998093187809,0.21037299931049347,0.9776049852371216,0,0.03471199795603752,-0.9769899845123291,0.210440993309021,0,0,1.1115670204162598,0,1,0.9999979734420776,-0.00032600032864138484,-0.002171000000089407,0,0.0015240003122016788,0.8147109746932983,0.5798649787902832,0,0.0015799999237060547,-0.5798670053482056,0.8147100210189819,0,0,0.654666006565094,0,1,-0.9796590209007263,-0.14919699728488922,-0.13419699668884277,0,0.14579999446868896,-0.9886999726295471,0.03485199809074402,0,-0.13787999749183655,0.014576997607946396,0.9903420209884644,0,-0.3726179897785187,-0.1285099983215332,0.01796800084412098,1,0.9938759803771973,0.02711300365626812,-0.10712599009275436,0,-0.06229700148105621,0.938169002532959,-0.3405260145664215,0,0.09126999229192734,0.34511399269104004,0.934112012386322,0,0,1.0932480096817017,0,1,0.992467999458313,-0.11254700273275375,0.04837099835276604,0,-0.00019499957852531224,0.3934060037136078,0.9193649888038635,0,-0.12250100076198578,-0.9124500155448914,0.3904210031032562,0,0,1.1097240447998047,0,1,0.9999970197677612,-0.0005029999883845448,0.0023499999660998583,0,-0.0010270000202581286,0.7948930263519287,0.6067489981651306,0,-0.0021730000153183937,-0.6067489981651306,0.7948899865150452,0,0,0.6369990110397339,0,1
K0.100,0.9858030080795288,-0.1589680016040802,0.054058998823165894,0,0.16214099526405334,0.9849129915237427,-0.060465000569820404,0,-0.04363200068473816,0.06837199628353119,0.9967049956321716,0,0.0047519998624920845,2.6191680431365967,-0.0003729999589268118,1,0.9862290024757385,0.16509200632572174,0.009806999936699867,0,-0.14770300686359406,0.905921995639801,-0.39684900641441345,0,-0.07440099865198135,0.38993600010871887,0.9178320169448853,0,0,0.23156799376010895,-0.08439599722623825,1,0.998960018157959,0.041186001151800156,0.019567999988794327,0,-0.04157400131225586,0.9989380240440369,0.019871000200510025,0,-0.01872899942100048,-0.020664000883698463,0.9996110200881958,0,0,0.28754499554634094,0,1,0.9989799857139587,0.0392180010676384,0.022397000342607498,0,-0.0396759994328022,0.9990050196647644,0.020383000373840332,0,-0.02157600037753582,-0.021251000463962555,0.9995409846305847,0,0,0.3286229968070984,0,1,0.9942010045051575,-0.09968899935483932,-0.040323998779058456,0,0.10734999924898148,0.8980050086975098,0.4266889989376068,0,-0.006326000206172466,-0.42854300141334534,0.9034990072250366,0,0,0.36970099806785583,0,1,0.9997199773788452,0.011909999884665012,0.02044299989938736,0,-0.00827800016850233,0.9855239987373352,-0.1693349927663803,0,-0.02216400019824505,0.1691190004348755,0.9853460192680359,0,0,0.24535900354385376,0.1719129979610443,1,0.19113999605178833,0.007809000089764595,-0.9815319776535034,0,0.9591140151023865,0.21115300059318542,0.18845400214195251,0,0.2087250053882599,-0.9774219989776611,0.03286999836564064,0,0.22095000743865967,0.4231649935245514,0.018811000511050224,1,0.8746489882469177,-0.05362800136208534,-0.4817819893360138,0,0.45421499013900757,-0.2565380036830902,0.8531569838523865,0,-0.16934800148010254,-0.9650449752807617,-0.20002199709415436,0,0,0.44410601258277893,0,1,0.9301450252532959,0.36606499552726746,-0.028766000643372536,0,-0.366443008184433,0.9303969740867615,-0.009007000364363194,0,0.023466000333428383,0.018919000402092934,0.9995459914207458,0,0,0.8114719986915588,0,1,0.957938015460968,0.12070199847221375,-0.26035699248313904,0,-0.11051099747419357,0.9924349784851074,0.053488001227378845,0,0.26484400033950806,-0.02246600016951561,0.9640300273895264,0,0,0.7403349876403809,0,1,0.9998689889907837,0.014368000440299511,-0.007457999978214502,0,-0.012738999910652637,0.9826130270957947,0.18523000180721283,0,0.009990000165998936,-0.18511100113391876,0.9826670289039612,0,0,0.2285660058259964,0,1,0.7517169713973999,0.659280002117157,-0.016496000811457634,0,-0.6396030187606812,0.7227290272712708,-0.26186200976371765,0,-0.16071799397468567,0.207396999001503,0.964963972568512,0,0,0.2257709950208664,0,1,0.9559630155563354,-0.28852999210357666,0.053720999509096146,0,0.25466999411582947,0.9064840078353882,0.3367930054664612,0,-0.14587199687957764,-0.30827999114990234,0.9400449991226196,0,0.1603350043296814,0.15775999426841736,0.10286100208759308,1,0.15350699424743652,-0.008754000067710876,0.9881089925765991,0,-0.9673029780387878,0.20297500491142273,0.1520729959011078,0,-0.20189300179481506,-0.9791449904441833,0.022690000012516975,0,-0.22095000743865967,0.4227310121059418,0.0200009997934103,1,0.8712720274925232,-0.12626099586486816,0.47428199648857117,0,-0.47676199674606323,0.011749000288546085,0.8789539933204651,0,-0.11654999852180481,-0.991927981376648,-0.049959998577833176,0,0,0.44410601258277893,0,1,0.8839010000228882,-0.46645599603652954,0.03374600037932396,0,0.4671170115470886,0.8840680122375488,-0.015008999966084957,0,-0.022833000868558884,0.029030000790953636,0.99931800365448,0,0,0.811805009841919,0,1,0.9591860175132751,-0.023080000653862953,0.2818309962749481,0,0.02106199972331524,0.9997259974479675,0.010188000276684761,0,-0.2819890081882477,-0.003836000105366111,0.9594100117683411,0,0,0.7414270043373108,0,1,0.24370500445365906,-0.3545440137386322,0.9027209877967834,0,-0.04331599920988083,0.9258769750595093,0.3753330111503601,0,-0.9688820242881775,-0.13057200610637665,0.21028399467468262,0,0,0.5161979794502258,0,1,0.9237970113754272,0.3772929906845093,0.06518200039863586,0,-0.38271400332450867,0.9048720002174377,0.18637600541114807,0,0.01133699994534254,-0.19711999595165253,0.9803140163421631,0,0,0.12566299736499786,0,1,0.8983569741249084,-0.42892199754714966,0.09476800262928009,0,0.4207090139389038,0.9021869897842407,0.09519500285387039,0,-0.12633000314235687,-0.04564899951219559,0.9909369945526123,0,0.10077700018882751,0.1576859951019287,-0.026273999363183975,1,-0.9671880006790161,-0.20533999800682068,0.14961199462413788,0,0.23920300602912903,-0.9344239830970764,0.26388099789619446,0,0.08561500161886215,0.2910099923610687,0.9528819918632507,0,0.3726179897785187,-0.1285099983215332,0.0006639999919570982,1,0.9926220178604126,0.030719000846147537,0.117296002805233,0,0.059459999203681946,0.7197480201721191,-0.6916840076446533,0,-0.1056710034608841,0.6935549974441528,0.7126110196113586,0,0,1.0933150053024292,0,1,0.9993759989738464,0.03527599945664406,-0.0017290000105276704,0,-0.0057379999198019505,0.21047699451446533,0.9775819778442383,0,0.03484899923205376,-0.9769619703292847,0.21054799854755402,0,0,1.1115670204162598,0,1,0.9999979734420776,-0.00032500000088475645,-0.002171000000089407,0,0.0015239999629557133,0.8147069811820984,0.5798709988594055,0,0.0015800000401213765,-0.5798730254173279,0.8147050142288208,0,0,0.654666006565094,0,1,-0.9796450138092041,-0.14953100681304932,-0.13392400741577148,0,0.14610899984836578,-0.9886459708213806,0.035075001418590546,0,-0.13764899969100952,0.014794000424444675,0.9903709888458252,0,-0.3726179897785187,-0.1285099983215332,0.01796800084412098,1,0.9938709735870361,0.02680700086057186,-0.10724399983882904,0,-0.062102001160383224,0.9379860162734985,-0.341064989566803,0,0.09144999831914902,0.34563499689102173,0.9339020252227783,0,0,1.0932480096817017,0,1,0.9924669861793518,-0.1125589981675148,0.048374999314546585,0,-0.00018899999849963933,0.39344000816345215,0.9193500280380249,0,-0.12251400202512741,-0.9124339818954468,0.3904550075531006,0,0,1.1097240447998047,0,1,0.9999970197677612,-0.0005029999883845448,0.0023499999660998583,0,-0.0010270000202581286,0.7948930263519287,0.6067489981651306,0,-0.0021730000153183937,-0.6067489981651306,0.7948899865150452,0,0,0.6369990110397339,0,1
K0.133,0.985837996006012,-0.15889300405979156,0.05362999811768532,0,0.16207300126552582,0.9848719835281372,-0.061308011412620544,0,-0.04307699203491211,0.06913101673126221,0.9966769814491272,0,0.004681999795138836,2.618994951248169,-0.0012440094724297523,1,0.9862260222434998,0.16510599851608276,0.009947002865374088,0,-0.1479090005159378,0.9072269797325134,-0.3937789797782898,0,-0.0740400031208992,0.3868839740753174,0.9191510081291199,0,0,0.23156799376010895,-0.08439599722623825,1,0.9989590048789978,0.04096599668264389,0.020068004727363586,0,-0.041315995156764984,0.9989950060844421,0.017364975064992905,0,-0.01933600753545761,-0.018176976591348648,0.9996479749679565,0,0,0.28754499554634094,0,1,0.9989749789237976,0.03912099450826645,0.022787004709243774,0,-0.03953099623322487,0.9990590214729309,0.017854975536465645,0,-0.022067004814743996,-0.018737975507974625,0.999580979347229,0,0,0.3286229968070984,0,1,0.9942039847373962,-0.09952200204133987,-0.0406620055437088,0,0.10733900219202042,0.8976969718933105,0.42733898758888245,0,-0.006027996074408293,-0.42922699451446533,0.90317702293396,0,0,0.36970099806785583,0,1,0.9997270107269287,0.012115000747144222,0.019955992698669434,0,-0.008611002936959267,0.9858980178833008,-0.16712796688079834,0,-0.021699992939829826,0.16691097617149353,0.9857329726219177,0,0,0.24535900354385376,0.1719129979610443,1,0.19046099483966827,0.007927002385258675,-0.9816629886627197,0,0.9591140151023865,0.21173600852489471,0.1877959966659546,0,0.20934201776981354,-0.9772949814796448,0.03272499889135361,0,0.22095000743865967,0.4231649935245514,0.018811000511050224,1,0.873354971408844,-0.05321099981665611,-0.48417001962661743,0,0.4565340280532837,-0.2570730149745941,0.8517569899559021,0,-0.16979001462459564,-0.96492600440979,-0.20022301375865936,0,0,0.44410601258277893,0,1,0.9305459856987,0.365043967962265,-0.028756000101566315,0,-0.36541998386383057,0.9307990074157715,-0.008981999941170216,0,0.023486999794840813,0.018866000697016716,0.9995459914207458,0,0,0.8114719986915588,0,1,0.9579650163650513,0.12166101485490799,-0.2598089873790741,0,-0.11176701635122299,0.9923419952392578,0.05257999524474144,0,0.26421698927879333,-0.021331990137696266,0.964227020740509,0,0,0.7403349876403809,0,1,0.9998689889907837,0.014356999658048153,-0.007455999962985516,0,-0.012726999819278717,0.9825779795646667,0.18541300296783447,0,0.009987999685108662,-0.1852940022945404,0.9826319813728333,0,0,0.2285660058259964,0,1,0.7517250180244446,0.6592739820480347,-0.01634099893271923,0,-0.6395930051803589,0.7227979898452759,-0.26169198751449585,0,-0.1607159972190857,0.20717200636863708,0.9650130271911621,0,0,0.2257709950208664,0,1,0.9559280276298523,-0.2886190116405487,0.05386099964380264,0,0.25466299057006836,0.906370997428894,0.337101012468338,0,-0.14611199498176575,-0.30852800607681274,0.939926028251648,0,0.1603350043296814,0.15775999426841736,0.10286100208759308,1,0.1537330001592636,-0.008826000615954399,0.9880729913711548,0,-0.9671850204467773,0.2033649981021881,0.15230000019073486,0,-0.20228399336338043,-0.9790629744529724,0.02272699773311615,0,-0.22095000743865967,0.4227310121059418,0.0200009997934103,1,0.869970977306366,-0.12873102724552155,0.4760020077228546,0,-0.47864800691604614,0.011549009941518307,0.8779309988021851,0,-0.1185140311717987,-0.9916120171546936,-0.05156900733709335,0,0,0.44410601258277893,0,1,0.8840500116348267,-0.466172993183136,0.03374100103974342,0,0.46683400869369507,0.8842179775238037,-0.014999999664723873,0,-0.02284199930727482,0.029012000188231468,0.99931800365448,0,0,0.811805009841919,0,1,0.9590950012207031,-0.023068996146321297,0.2821440100669861,0,0.020635992288589478,0.9997199773788452,0.011590010486543179,0,-0.28233200311660767,-0.005294011440128088,0.9593020081520081,0,0,0.7414270043373108,0,1,0.24370600283145905,-0.35458099842071533,0.9027069807052612,0,-0.04331300035119057,0.9258620142936707,0.37536999583244324,0,-0.9688820242881775,-0.13057899475097656,0.21028000116348267,0,0,0.5161979794502258,0,1,0.9237970113754272,0.3772929906845093,0.06518200039863586,0,-0.38271400332450867,0.9048720002174377,0.18637600541114807,0,0.01133699994534254,-0.19711999595165253,0.9803140163421631,0,0,0.12566299736499786,0,1,0.8982740044593811,-0.4290879964828491,0.09480100125074387,0,0.4208660125732422,0.9021080136299133,0.09525600075721741,0,-0.12639400362968445,-0.045667000114917755,0.9909279942512512,0,0.10077700018882751,0.1576859951019287,-0.026273999363183975,1,-0.9671970009803772,-0.20531600713729858,0.14958499372005463,0,0.2391660064458847,-0.9344559907913208,0.26380300521850586,0,0.08561799675226212,0.290924996137619,0.9529070258140564,0,0.3726179897785187,-0.1285099983215332,0.0006639999919570982,1,0.9926369786262512,0.03066400997340679,0.11718200892210007,0,0.05948200076818466,0.7193400263786316,-0.6921070218086243,0,-0.10551601648330688,0.6939809918403625,0.7122189998626709,0,0,1.0933150053024292,0,1,0.9993709921836853,0.03541599586606026,-0.001623999560251832,0,-0.005863000173121691,0.21027900278568268,0.9776239991188049,0,0.034964997321367264,-0.9769999980926514,0.2103549987077713,0,0,1.1115670204162598,0,1,0.9999979734420776,-0.00037500064354389906,-0.002186000347137451,0,0.0015720005612820387,0.8151749968528748,0.57921302318573,0,0.0015639998018741608,-0.5792149901390076,0.8151729702949524,0,0,0.654666006565094,0,1,-0.9796450138092041,-0.14953699707984924,-0.13391999900341034,0,0.1461009979248047,-0.988644003868103,0.03518599271774292,0,-0.13766099512577057,0.014903993345797062,0.9903669953346252,0,-0.3726179897785187,-0.1285099983215332,0.01796800084412098,1,0.9938279986381531,0.026377998292446136,-0.10774600505828857,0,-0.06197800114750862,0.9376050233840942,-0.3421339988708496,0,0.09199900925159454,0.3467009961605072,0.9334530234336853,0,0,1.0932480096817017,0,1,0.9924769997596741,-0.11246799677610397,0.04836999997496605,0,-0.0002590000513009727,0.39315900206565857,0.919471025466919,0,-0.12242799997329712,-0.9125660061836243,0.39017200469970703,0,0,1.1097240447998047,0,1,0.9999970197677612,-0.0005029999883845448,0.0023499999660998583,0,-0.0010270000202581286,0.7948930263519287,0.6067489981651306,0,-0.0021730000153183937,-0.6067489981651306,0.7948899865150452,0,0,0.6369990110397339,0,1
