0.700,30,20,33
B0,mixamorig_Hips,-1,0.9981891512870789,-0.059914346784353256,-0.003960634581744671,0,0.05992855876684189,0.9898359179496765,0.12865674495697021,0,-0.0038175778463482857,-0.12866348028182983,0.9916463494300842,0,0.002005164045840502,2.5713701248168945,0.055229198187589645,1
B1,mixamorig_Spine,0,0.9958597421646118,0.03289278224110603,0.08470728248357773,0,-0.010283572599291801,0.9670025110244751,-0.2545543313026428,0,-0.09028372168540955,0.2526305615901947,0.9633371233940125,0,0,0.2422800064086914,-0.08424399793148041,1
B2,mixamorig_Spine1,1,0.9844838380813599,-0.0031037693843245506,0.17533144354820251,0,-0.024064401164650917,0.9879686832427979,0.15273277461528778,0,-0.17369361221790314,-0.15457718074321747,0.9725658297538757,0,0,0.2992599904537201,0,1
B3,mixamorig_Spine2,2,0.9844838380813599,-0.0031037693843245506,0.17533144354820251,0,-0.02406460791826248,0.9879686832427979,0.15273277461528778,0,-0.17369361221790314,-0.15457718074321747,0.9725658297538757,0,0,0.3420119881629944,0,1
B4,mixamorig_Neck,3,0.9953873753547668,0.00022928114049136639,-0.09582790732383728,0,0.014788520522415638,0.9875405430793762,0.15635597705841064,0,0.09464619308710098,-0.15704351663589478,0.9829918742179871,0,0,0.3847630023956299,0,1
B5,mixamorig_Head,4,0.9785956740379333,-0.04415184259414673,-0.2002725452184677,0,0.005390890408307314,0.981558084487915,-0.19027628004550934,0,0.20514844357967377,0.18526139855384827,0.9609901309013367,0,0,0.2451779991388321,0.1701900064945221,1
B6,mixamorig_HeadTop_End,5,1,0,0,0,0,1,0,0,0,0,1,0,0,1.3355499505996704,0.9270719885826111,1
B7,mixamorig_LeftShoulder,3,0.19143842160701752,0.011204470880329609,-0.9814403653144836,0,0.9519447684288025,0.24142949283123016,0.18844163417816162,0,0.2390599548816681,-0.9703521132469177,0.03555246442556381,0,0.2196750044822693,0.438401997089386,0.018132999539375305,1
B8,mixamorig_LeftArm,7,0.948378324508667,-0.1794705092906952,-0.2603081464767456,0,0.28599387407302856,0.1358964741230011,0.948226273059845,0,-0.13497738540172577,-0.9743039011955261,0.1802573800086975,0,0,0.4653570055961609,0,1
B9,mixamorig_LeftForeArm,8,-0.4709223210811615,0.8817600011825562,0.01719672605395317,0,-0.8816280961036682,-0.4701736569404602,-0.03503615781664848,0,-0.022814800962805748,-0.03160906955599785,0.9992350339889526,0,0,0.886605978012085,0,1
B10,mixamorig_LeftHand,9,0.17137590050697327,0.13384658098220825,0.9760149717330933,0,-0.4317265748977661,0.900689959526062,-0.04771493375301361,0,-0.8855357766151428,-0.4132685661315918,0.21217134594917297,0,0,0.7261480093002319,0,1
B11,mixamorig_LeftHandIndex1,10,-0.2626419961452484,0.9172297716140747,0.29950404167175293,0,0.9409761428833008,0.17480415105819702,0.2898271381855011,0,0.2134847790002823,0.3579469621181488,-0.9090090394020081,0,0,0.4005550146102905,0,1
B12,mixamorig_LeftHandIndex2,11,0.8672506213188171,0.4905582070350647,-0.0849933847784996,0,-0.4958476722240448,0.8664112091064453,-0.05881350487470627,0,0.04478518292307854,0.0931495651602745,0.9946437478065491,0,0,0.1391250044107437,0,1
B13,mixamorig_LeftHandIndex3,12,0.8443809747695923,0.4853070080280304,-0.22693200409412384,0,-0.5154320001602173,0.8514180183410645,-0.09703999757766724,0,0.14611999690532684,0.19890621304512024,0.9690639972686768,0,-0.15554499626159668,0.10600999742746353,-0.08548100292682648,1
B14,mixamorig_LeftHandIndex4,13,1,0,0,0,0,1,0,0,0,0,1,0,-0.02486499957740307,0.07357999682426453,-0.03478100150823593,1
B15,mixamorig_RightShoulder,3,0.10724672675132751,-0.031565453857183456,0.9937294721603394,0,-0.9119091033935547,0.39508551359176636,0.11096613109111786,0,-0.39611101150512695,-0.918095052242279,0.013593277893960476,0,-0.2196750044822693,0.4380800127983093,0.019058000296354294,1
B16,mixamorig_RightArm,15,0.4477737545967102,0.20738419890403748,0.8697335720062256,0,-0.8936413526535034,0.13541163504123688,0.42769211530685425,0,-0.029067816212773323,-0.9687382578849792,0.24596664309501648,0,0,0.4653570055961609,0,1
B17,mixamorig_RightForeArm,16,0.13009947538375854,-0.9897075295448303,0.05743559077382088,0,0.9691154956817627,0.13916198909282684,0.20280809700489044,0,-0.20875021815299988,0.029158471152186394,0.977501630783081,0,0,0.8872529864311218,0,1
B18,mixamorig_RightHand,17,0.9634995460510254,-0.2647589445114136,-0.036688487976789474,0,0.2672134041786194,0.9581178426742554,0.10157117992639542,0,0.008105052635073662,-0.10773144662380219,0.9940745830535889,0,0,0.7279319763183594,0,1
B19,mixamorig_RightHandIndex1,18,0.36608514189720154,-0.8380787968635559,0.40446943044662476,0,0.0016115388134494424,0.43521180748939514,0.9003209471702576,0,-0.9305797219276428,-0.3289426267147064,0.16067597270011902,0,0,0.5020880103111267,0,1
B20,mixamorig_RightHandIndex2,19,0.6491333246231079,-0.756292462348938,-0.08146900683641434,0,0.6884790062904358,0.5386104583740234,0.485680490732193,0,-0.32343900203704834,-0.3713618516921997,0.8703309893608093,0,0,0.11502499878406525,0,1
B21,mixamorig_RightHandIndex3,20,0.9733650088310242,-0.19217200577259064,0.12502020597457886,0,0.1591079980134964,0.9588549733161926,0.23511920869350433,0,-0.16505999863147736,-0.208965003490448,0.9638919830322266,0,0.08702799677848816,0.14993500709533691,-0.01384199969470501,1
B22,mixamorig_RightHandIndex4,21,1,0,0,0,0,1,0,0,0,0,1,0,0.027974000200629234,0.07981599867343903,-0.03052400052547455,1
B23,mixamorig_LeftUpLeg,0,-0.9914951920509338,-0.017306610941886902,0.12896239757537842,0,-0.02609405666589737,-0.944332480430603,-0.3276250660419464,0,0.12746597826480865,-0.3282064199447632,0.9358476400375366,0,0.37471601366996765,-0.13445299863815308,-0.004217000212520361,1
B24,mixamorig_LeftLeg,23,0.9913485050201416,0.012193926610052586,-0.12797115743160248,0,-0.09802934527397156,0.6795429587364197,-0.7177298665046692,0,0.07903348654508591,0.7242406010627747,0.6746530532836914,0,0,1.068848967552185,0,1
B25,mixamorig_LeftFoot,24,0.9997565150260925,-0.003111831145361066,-0.014820631593465805,0,0.013919944874942303,0.5761039853096008,0.8172032237052917,0,0.006005965173244476,-0.8172116875648499,0.5761579871177673,0,0,1.0775179862976074,0,1
B26,mixamorig_LeftToeBase,25,0.9944455623626709,-0.10353641957044601,0.018615584820508957,0,0.07193142175674438,0.7982734441757202,0.5977950692176819,0,-0.0767042264342308,-0.5931462049484253,0.8012981414794922,0,0,0.6545789837837219,0,1
B27,mixamorig_LeftToe_End,26,1,0,0,0,0,1,0,0,0,0,1,0,0,0.28549399971961975,0,1
B28,mixamorig_RightUpLeg,0,-0.9986051917076111,-0.04182055592536926,-0.03217261657118797,0,0.003879960859194398,-0.665891706943512,0.7458898425102234,0,-0.05260569974780083,0.7447251677513123,0.6651269793510437,0,-0.37471601366996765,-0.13445299863815308,0.01360899955034256,1
B29,mixamorig_RightLeg,28,0.9976732134819031,0.037736453115940094,-0.04162868857383728,0,-0.049061454832553864,0.9533204436302185,-0.2974429130554199,0,0.02833009511232376,0.2990809977054596,0.9529280066490173,0,0,1.068824052810669,0,1
B30,mixamorig_RightFoot,29,0.9990553259849548,0.005114809609949589,0.023750899359583855,0,-0.021856291219592094,0.5526790618896484,0.8324264883995056,0,-0.00833180546760559,-0.8321892619132996,0.553044319152832,0,0,1.0758709907531738,0,1
B31,mixamorig_RightToeBase,30,0.9686102271080017,0.08220823854207993,0.23420186340808868,0,-0.22395393252372742,0.6961873173713684,0.6819137930870056,0,-0.1070207878947258,-0.7131205201148987,0.6927977800369263,0,0,0.63714200258255,0,1
B32,mixamorig_RightToe_End,31,1,0,0,0,0,1,0,0,0,0,1,0,0,0.2689119875431061,0,1
@28,0,1,2,3,4,5,7,8,9,10,11,12,13,15,16,17,18,19,20,21,23,24,25,26,28,29,30,31
K0.000,0.9974660277366638,-0.04506999999284744,-0.055052999407052994,0,0.0500200018286705,0.9944890141487122,0.0921349972486496,0,0.05059700086712837,-0.09465499967336655,0.9942229986190796,0,-0.003220000071451068,2.438905954360962,-0.025023000314831734,1,0.9994909763336182,0.023601999506354332,-0.021476000547409058,0,-0.028155000880360603,0.9690219759941101,-0.2453629970550537,0,0.015018999576568604,0.24584299325942993,0.9691929817199707,0,0,0.2422800064086914,-0.08424399793148041,1,0.998354971408844,0.04997299984097481,-0.028113000094890594,0,-0.04439600184559822,0.9840009808540344,0.17253999412059784,0,0.03628600016236305,-0.17100800573825836,0.9846010208129883,0,0,0.2992599904537201,0,1,0.998354971408844,0.04997299984097481,-0.028113000094890594,0,-0.04439600184559822,0.9840009808540344,0.17253999412059784,0,0.03628600016236305,-0.17100800573825836,0.9846010208129883,0,0,0.3420119881629944,0,1,0.9984650015830994,-0.01853499934077263,0.05218999832868576,0,0.007577000185847282,0.9791929721832275,0.2027920037508011,0,-0.05486299842596054,-0.2020850032567978,0.9778299927711487,0,0,0.3847630023956299,0,1,0.9875940084457397,-0.057728998363018036,0.14603599905967712,0,0.0908150002360344,0.9686490297317505,-0.23123900592327118,0,-0.12810799479484558,0.24163199961185455,0.9618740081787109,0,0,0.2451779991388321,0.1701900064945221,1,0.126678004860878,0.022230999544262886,-0.991694986820221,0,0.9475060105323792,0.2931720018386841,0.12760600447654724,0,0.2935740053653717,-0.9558010101318359,0.01607399992644787,0,0.2196750044822693,0.438401997089386,0.018132999539375305,1,0.6886270046234131,-0.05615999922156334,-0.7229369878768921,0,0.7173489928245544,-0.0927719995379448,0.6905099749565125,0,-0.10584700107574463,-0.9941020011901855,-0.02359900064766407,0,0,0.4653570055961609,0,1,-0.24926899373531342,0.9679369926452637,-0.03102700039744377,0,-0.9550079703330994,-0.2403710037469864,0.17372900247573853,0,0.16070100665092468,0.07293599843978882,0.9843050241470337,0,0,0.886605978012085,0,1,0.3215959966182709,0.1144770011305809,0.9399309754371643,0,-0.34907999634742737,0.9370779991149902,0.0053079999051988125,0,-0.8801810145378113,-0.329818993806839,0.34132200479507446,0,0,0.7261480093002319,0,1,-0.2898629903793335,0.9117169976234436,0.2911210060119629,0,0.9353309869766235,0.20539499819278717,0.28804200887680054,0,0.20281800627708435,0.355787992477417,-0.9122939705848694,0,0,0.4005550146102905,0,1,0.8809099793434143,0.4663600027561188,-0.080656997859478,0,-0.4707629978656769,0.880964994430542,-0.047770000994205475,0,0.048778001219034195,0.0800509974360466,0.9955970048904419,0,0,0.1391250044107437,0,1,0.8443809747695923,0.4853070080280304,-0.22693200409412384,0,-0.5154320001602173,0.8514180183410645,-0.09703999757766724,0,0.14611999690532684,0.1989070028066635,0.9690639972686768,0,-0.15554499626159668,0.10600999742746353,-0.08548100292682648,1,0.20675599575042725,-0.011528999544680119,0.9783250093460083,0,-0.9445099830627441,0.2585189938545227,0.20265600085258484,0,-0.25525200366973877,-0.9659370183944702,0.04256099835038185,0,-0.2196750044822693,0.4380800127983093,0.019058000296354294,1,0.863448977470398,0.09268400073051453,0.49584800004959106,0,-0.503944993019104,0.11514300107955933,0.8560259938240051,0,0.02224699966609478,-0.9890159964561462,0.14612799882888794,0,0,0.4653570055961609,0,1,0.014020999893546104,-0.9998909831047058,0.004668999928981066,0,0.9983749985694885,0.01425699982792139,0.05517899990081787,0,-0.0552389994263649,0.0038880000356584787,0.9984660148620605,0,0,0.8872529864311218,0,1,0.9945719838142395,-0.10310699790716171,-0.014014000073075294,0,0.10354699939489365,0.9939919710159302,0.03545499965548515,0,0.010273999534547329,-0.03671399876475334,0.9992730021476746,0,0,0.7279319763183594,0,1,0.34586700797080994,-0.8977069854736328,0.27294299006462097,0,0.010347000323235989,0.29452699422836304,0.9555870294570923,0,-0.9382269978523254,-0.3276819884777069,0.11115600168704987,0,0,0.5020880103111267,0,1,0.5322120189666748,-0.8376079797744751,-0.12313900142908096,0,0.761277973651886,0.40984201431274414,0.5024780035018921,0,-0.3704119920730591,-0.3611679971218109,0.8557760119438171,0,0,0.11502499878406525,0,1,0.9733650088310242,-0.19217200577259064,0.12502099573612213,0,0.1591079980134964,0.9588549733161926,0.2351199984550476,0,-0.16505999863147736,-0.208965003490448,0.9638919830322266,0,0.08702799677848816,0.14993500709533691,-0.01384199969470501,1,-0.9936730265617371,0.07951000332832336,0.07932800054550171,0,0.0002530000056140125,-0.7047100067138672,0.7094950079917908,0,0.11231499910354614,0.7050259709358215,0.7002310156822205,0,0.37471601366996765,-0.13445299863815308,-0.004217000212520361,1,0.9745830297470093,0.2049179971218109,-0.09053599834442139,0,-0.02233099937438965,-0.3132550120353699,-0.9494069814682007,0,-0.22291100025177002,0.9272969961166382,-0.30071699619293213,0,0,1.068848967552185,0,1,0.9813699722290039,0.19151100516319275,0.01539899967610836,0,-0.07718899846076965,0.3196049928665161,0.9444019794464111,0,0.17594200372695923,-0.9279959797859192,0.3284339904785156,0,0,1.0775179862976074,0,1,0.9923350214958191,-0.10892000049352646,0.058371998369693756,0,0.05223499983549118,0.7977989912033081,0.6006569862365723,0,-0.11199299991130829,-0.5930039882659912,0.7973729968070984,0,0,0.6545789837837219,0,1,-0.9939299821853638,-0.08138900250196457,-0.07402200251817703,0,0.05057600140571594,-0.9355530142784119,0.34954801201820374,0,-0.09770099818706512,0.3436819911003113,0.9339900016784668,0,-0.37471601366996765,-0.13445299863815308,0.01360899955034256,1,0.9998490214347839,0.01734199933707714,0.000534999999217689,0,-0.009701999835669994,0.5844460129737854,-0.8113750219345093,0,-0.014383000321686268,0.8112469911575317,0.584526002407074,0,0,1.068824052810669,0,1,0.9938229918479919,-0.10863500088453293,-0.022671999409794807,0,0.03354400023818016,0.09932199865579605,0.9944900274276733,0,-0.10578399896621704,-0.9891080260276794,0.10235200077295303,0,0,1.0758709907531738,0,1,0.9755280017852783,0.11744599789381027,0.18588000535964966,0,-0.21672199666500092,0.6562680006027222,0.7227339744567871,0,-0.037105001509189606,-0.7453320026397705,0.6656609773635864,0,0,0.63714200258255,0,1
K0.033,0.9986860156059265,-0.027707848697900772,-0.04311113804578781,0,0.03162086009979248,0.9951720237731934,0.09290795028209686,0,0.04032815247774124,-0.09414894133806229,0.9947410225868225,0,0.011304033920168877,2.4898977279663086,0.010568385012447834,1,0.9989020228385925,0.01787092164158821,-0.04329819232225418,0,-0.02822597697377205,0.9673380255699158,-0.2519131004810333,0,0.037382204085588455,0.25285810232162476,0.966780960559845,0,0,0.2422800064086914,-0.08424399793148041,1,0.9959899187088013,0.05371300131082535,-0.07155339419841766,0,-0.04172595590353012,0.9863020181655884,0.15958185493946075,0,0.07914438843727112,-0.15595582127571106,0.9845880270004272,0,0,0.2992599904537201,0,1,0.9959899187088013,0.05371300131082535,-0.07155339419841766,0,-0.04172595590353012,0.9863020181655884,0.15958185493946075,0,0.07914438843727112,-0.15595582127571106,0.9845880270004272,0,0,0.3420119881629944,0,1,0.9968960285186768,-0.034033987671136856,0.07098832726478577,0,0.019105903804302216,0.9793569445610046,0.2012321650981903,0,-0.07637131959199905,-0.19925116002559662,0.9769679307937622,0,0,0.3847630023956299,0,1,0.9757938385009766,-0.042688947170972824,0.21448369324207306,0,0.08379700779914856,0.9788930416107178,-0.18640269339084625,0,-0.2019997090101242,0.1998637318611145,0.9587758779525757,0,0,0.2451779991388321,0.1701900064945221,1,0.11548487097024918,0.024844028055667877,-0.9929980039596558,0,0.9446199536323547,0.3064001798629761,0.1175248846411705,0,0.3071741759777069,-0.9515789151191711,0.011916952207684517,0,0.2196750044822693,0.438401997089386,0.018132999539375305,1,0.655183732509613,-0.07278598845005035,-0.7519551515579224,0,0.7512822151184082,-0.04187225550413132,0.6586507558822632,0,-0.07942640781402588,-0.9964680075645447,0.027248486876487732,0,0,0.4653570055961609,0,1,-0.13790683448314667,0.9870070219039917,-0.08245157450437546,0,-0.970550000667572,-0.11806670576334,0.20998521149158478,0,0.1975223273038864,0.10898131877183914,0.9742218852043152,0,0,0.886605978012085,0,1,0.35854411125183105,0.1171780526638031,0.9261289238929749,0,-0.3479660153388977,0.9373689889907837,0.016113005578517914,0,-0.8662359118461609,-0.3280389904975891,0.37686213850975037,0,0,0.7261480093002319,0,1,-0.3125775456428528,0.9064038395881653,0.28412681818008423,0,0.9298878312110901,0.23092259466648102,0.28632593154907227,0,0.19391578435897827,0.35370492935180664,-0.9150350689888,0,0,0.4005550146102905,0,1,0.8918352127075195,0.4457154870033264,-0.07725192606449127,0,-0.449380487203598,0.892515242099762,-0.0383937731385231,0,0.05183606222271919,0.06895673274993896,0.9962720274925232,0,0,0.1391250044107437,0,1,0.8443809747695923,0.4853070080280304,-0.22693200409412384,0,-0.5154320001602173,0.8514180183410645,-0.09703999757766724,0,0.14611999690532684,0.1989070028066635,0.9690639972686768,0,-0.15554499626159668,0.10600999742746353,-0.08548100292682648,1,0.23857712745666504,-0.014834986068308353,0.9710099697113037,0,-0.9346569776535034,0.2679249346256256,0.23373813927173615,0,-0.263624906539917,-0.9633259773254395,0.05005503073334694,0,-0.2196750044822693,0.4380800127983093,0.019058000296354294,1,0.9175630807876587,0.08689006417989731,0.3879808187484741,0,-0.3964138329029083,0.12490199506282806,0.9095360636711121,0,0.030570095404982567,-0.9883570075035095,0.1490500122308731,0,0,0.4653570055961609,0,1,-0.03794579580426216,-0.9992019534111023,-0.012494560331106186,0,0.9990069270133972,-0.03822479769587517,0.02288679964840412,0,-0.02334587462246418,-0.011613561771810055,0.9996600151062012,0,0,0.8872529864311218,0,1,0.9919478297233582,-0.12487291544675827,-0.021113676950335503,0,0.12542293965816498,0.9917328357696533,0.027093030512332916,0,0.01755562424659729,-0.029523193836212158,0.9994099140167236,0,0,0.7279319763183594,0,1,0.34396892786026,-0.9020920991897583,0.26060470938682556,0,0.010975014418363571,0.28138267993927,0.9595330357551575,0,-0.9389169812202454,-0.32718899846076965,0.10668689012527466,0,0,0.5020880103111267,0,1,0.5210337042808533,-0.8440271615982056,-0.12704908847808838,0,0.766943097114563,0.3976317048072815,0.5036739706993103,0,-0.37459608912467957,-0.35986995697021484,0.854500949382782,0,0,0.11502499878406525,0,1,0.9733650088310242,-0.19217200577259064,0.12502099573612213,0,0.1591079980134964,0.9588549733161926,0.23511900007724762,0,-0.16505999863147736,-0.208965003490448,0.9638919830322266,0,0.08702799677848816,0.14993500709533691,-0.01384199969470501,1,-0.9982460141181946,0.04045994207262993,0.043215639889240265,0,0.010160740464925766,-0.6020591855049133,0.798386812210083,0,0.05832073092460632,0.7974258065223694,0.6005922555923462,0,0.37471601366996765,-0.13445299863815308,-0.004217000212520361,1,0.9890289306640625,0.14735975861549377,-0.010337783955037594,0,0.004529610276222229,-0.10020074993371964,-0.9949564337730408,0,-0.1476520597934723,0.9839935302734375,-0.09976887702941895,0,0,1.068848967552185,0,1,0.9971820116043091,-0.0663725733757019,-0.034975696355104446,0,0.05247727036476135,0.28390440344810486,0.9574148654937744,0,-0.053616732358932495,-0.9565528631210327,0.2865873873233795,0,0,1.0775179862976074,0,1,0.9932260513305664,0.09047684818506241,-0.07290566712617874,0,-0.03264123201370239,0.8194325566291809,0.5722455382347107,0,0.11151603609323502,-0.56598961353302,0.8168356418609619,0,0,0.6545789837837219,0,1,-0.9912288784980774,-0.034304309636354446,-0.12762859463691711,0,0.03502395376563072,-0.9993804097175598,-0.003395317355170846,0,-0.12743359804153442,-0.007836269214749336,0.9918153285980225,0,-0.37471601366996765,-0.13445299863815308,0.01360899955034256,1,0.9968747496604919,0.043518148362636566,0.06593147665262222,0,0.004568953067064285,0.8014305830001831,-0.5980696678161621,0,-0.07886742055416107,0.5965015888214111,0.7987274527549744,0,0,1.068824052810669,0,1,0.99372398853302,-0.11056296527385712,-0.01697763428092003,0,0.034409087151288986,0.15771794319152832,0.9868834614753723,0,-0.10643493384122849,-0.981274425983429,0.1605319380760193,0,0,1.0758709907531738,0,1,0.9718080163002014,0.09173435717821121,0.21719405055046082,0,-0.230488583445549,0.5635755062103271,0.7932573556900024,0,-0.0496358685195446,-0.8209542632102966,0.568831205368042,0,0,0.63714200258255,0,1
K0.067,0.9983000159263611,-0.012640150263905525,-0.05689286068081856,0,0.017591139301657677,0.9960200190544128,0.08738104999065399,0,0.05556284636259079,-0.0882340595126152,0.9945489764213562,0,0.014633966609835625,2.5630722045898438,0.04896562173962593,1,0.9979770183563232,0.010074077174067497,-0.06276580691337585,0,-0.02607502043247223,0.9653519988059998,-0.25964590907096863,0,0.05797579512000084,0.2607569098472595,0.9636620879173279,0,0,0.2422800064086914,-0.08424399793148041,1,0.9923620820045471,0.053644999861717224,-0.11108260601758957,0,-0.037329044193029404,0.9888629913330078,0.14407214522361755,0,0.11757361888885498,-0.1388251632452011,0.9833130240440369,0,0,0.2992599904537201,0,1,0.9923620820045471,0.053644999861717224,-0.11108260601758957,0,-0.037329044193029404,0.9888629913330078,0.14407214522361755,0,0.11757361888885498,-0.1388251632452011,0.9833130240440369,0,0,0.3420119881629944,0,1,0.9940940141677856,-0.03280601277947426,0.10344067960977554,0,0.009508094750344753,0.9758750796318054,0.21812184154987335,0,-0.10810068994760513,-0.215849831700325,0.9704240560531616,0,0,0.3847630023956299,0,1,0.9579541683197021,-0.03733905032277107,0.28448230028152466,0,0.08456199616193771,0.9841979146003723,-0.155573308467865,0,-0.27417728304862976,0.17308826744556427,0.9459741115570068,0,0,0.2451779991388321,0.1701900064945221,1,0.10300512611865997,0.027693971991539,-0.9942950010299683,0,0.9404700398445129,0.3227858543395996,0.10641910880804062,0,0.323891818523407,-0.9460670351982117,0.007203047163784504,0,0.2196750044822693,0.438401997089386,0.018132999539375305,1,0.6335822343826294,-0.07148301601409912,-0.770365834236145,0,0.7734097838401794,0.03242826089262962,0.6330762505531311,0,-0.02027258835732937,-0.9969149827957153,0.07583151757717133,0,0,0.4653570055961609,0,1,-0.021702155470848083,0.9899449944496155,-0.13977442681789398,0,-0.9728890061378479,0.011286715045571327,0.2309947907924652,0,0.23025067150592804,0.1409986913204193,0.9628621339797974,0,0,0.886605978012085,0,1,0.37188488245010376,0.12249495089054108,0.9201610684394836,0,-0.3499789834022522,0.9366080164909363,0.016759993508458138,0,-0.85977703332901,-0.32826998829841614,0.3911818563938141,0,0,0.7261480093002319,0,1,-0.3661464750766754,0.8912401795387268,0.26763513684272766,0,0.9143491983413696,0.2911233901977539,0.28144705295562744,0,0.17292220890522003,0.3477620482444763,-0.9214979410171509,0,0,0.4005550146102905,0,1,0.9158607721328735,0.39534151554107666,-0.07002707570791245,0,-0.3972785174846649,0.9175637364387512,-0.015709225088357925,0,0.058043938130140305,0.042208265513181686,0.9974210262298584,0,0,0.1391250044107437,0,1,0.8443809747695923,0.4853070080280304,-0.22693200409412384,0,-0.5154320001602173,0.8514180183410645,-0.09703999757766724,0,0.14611999690532684,0.1989070028066635,0.9690639972686768,0,-0.15554499626159668,0.10600999742746353,-0.08548100292682648,1,0.2517738938331604,-0.013466013595461845,0.9676920771598816,0,-0.933381974697113,0.2608570456504822,0.24647687375545502,0,-0.25574809312820435,-0.965283989906311,0.05310796946287155,0,-0.2196750044822693,0.4380800127983093,0.019058000296354294,1,0.9245169162750244,0.09374193102121353,0.3694321811199188,0,-0.3790251910686493,0.12415700405836105,0.9170189499855042,0,0.04009490832686424,-0.9878249764442444,0.15031598508358002,0,0,0.4653570055961609,0,1,-0.11757221072912216,-0.9906970858573914,-0.06851944327354431,0,0.9930050373077393,-0.11803921312093735,0.002790199825540185,0,-0.010853123851120472,-0.0677124410867691,0.9976459741592407,0,0,0.8872529864311218,0,1,0.9722541570663452,-0.21648108959197998,-0.08863932639360428,0,0.21985706686973572,0.9750661849975586,0.030156970024108887,0,0.07990038394927979,-0.04880781099200249,0.9956070780754089,0,0,0.7279319763183594,0,1,0.3392820656299591,-0.9120959043502808,0.23015029728412628,0,0.012393985874950886,0.24897633492946625,0.9684299230575562,0,-0.9406030178070068,-0.3257189989089966,0.09577811509370804,0,0,0.5020880103111267,0,1,0.4933202564716339,-0.8590378165245056,-0.1367059051990509,0,0.7801249027252197,0.3674202859401703,0.5063660144805908,0,-0.38475891947746277,-0.35644903779029846,0.8514130711555481,0,0,0.11502499878406525,0,1,0.9733650088310242,-0.19217200577259064,0.12501999735832214,0,0.1591079980134964,0.9588549733161926,0.2351199984550476,0,-0.16505999863147736,-0.208965003490448,0.9638919830322266,0,0.08702799677848816,0.14993500709533691,-0.01384199969470501,1,-0.9993829727172852,0.03438406065106392,0.007119358517229557,0,-0.015847740694880486,-0.6226088404655457,0.7823731899261475,0,0.03133326768875122,0.7817781567573547,0.6227697730064392,0,0.37471601366996765,-0.13445299863815308,-0.004217000212520361,1,0.9859930872917175,0.1242702305316925,0.11124279350042343,0,0.06555739790201187,0.3245367705821991,-0.9435975551605225,0,-0.15336394309997559,0.9376734495162964,0.3118439316749573,0,0,1.068848967552185,0,1,0.9971169829368591,0.07575858384370804,-0.004326304420828819,0,-0.020580273121595383,0.3248625695705414,0.9455370903015137,0,0.07303774356842041,-0.9427221417427063,0.32548561692237854,0,0,1.0775179862976074,0,1,0.9989179372787476,-0.024771854281425476,-0.03935033455491066,0,0.04392724111676216,0.7802174091339111,0.623963475227356,0,0.015244956128299236,-0.6250174045562744,0.780462384223938,0,0,0.6545789837837219,0,1,-0.9818251132965088,0.03466831520199776,-0.18659542500972748,0,0.030398046597838402,-0.9417545795440674,-0.3349227011203766,0,-0.18733839690685272,-0.3345077633857727,0.9235846400260925,0,-0.37471601366996765,-0.13445299863815308,0.01360899955034256,1,0.9753032326698303,0.05846584960818291,0.21299153566360474,0,-0.00015295307093765587,0.9645063877105713,-0.26405730843544006,0,-0.22087058424949646,0.25750336050987244,0.9406945705413818,0,0,1.068824052810669,0,1,0.9941239953041077,-0.10646803677082062,0.019529636949300766,0,0.042800918221473694,0.5523610711097717,0.8325045704841614,0,-0.09942306578159332,-0.8267775774002075,0.5536720752716064,0,0,1.0758709907531738,0,1,0.9724479913711548,-0.07209236919879913,0.22168995440006256,0,-0.1890324205160141,0.31265750527381897,0.9308656454086304,0,-0.13642214238643646,-0.9471257328987122,0.29041576385498047,0,0,0.63714200258255,0,1
K0.100,0.9957029819488525,0.013249998912215233,-0.0916529968380928,0,-0.004966998938471079,0.9959279894828796,0.0900150015950203,0,0.09247200191020966,-0.08917299658060074,0.9917140007019043,0,0.018635999411344528,2.617682933807373,0.10296700149774551,1,0.9971290230751038,-0.004102999344468117,-0.07560399919748306,0,-0.01655999943614006,0.9625359773635864,-0.27064600586891174,0,0.07388199865818024,0.27112099528312683,0.9597060084342957,0,0,0.2422800064086914,-0.08424399793148041,1,0.98928302526474,0.04301999881863594,-0.13952800631523132,0,-0.026001999154686928,0.9922419786453247,0.12157300114631653,0,0.14367499947547913,-0.11664199829101562,0.9827269911766052,0,0,0.2992599904537201,0,1,0.98928302526474,0.04301900044083595,-0.13952699303627014,0,-0.026001999154686928,0.9922419786453247,0.12157300114631653,0,0.14367499947547913,-0.11664199829101562,0.9827269911766052,0,0,0.3420119881629944,0,1,0.9917849898338318,-0.04013599827885628,0.12145300209522247,0,0.010401000268757343,0.9716569781303406,0.23616699874401093,0,-0.12748999893665314,-0.23296399414539337,0.9640920162200928,0,0,0.3847630023956299,0,1,0.9403839707374573,-0.015807002782821655,0.33974599838256836,0,0.05264800041913986,0.9936439990997314,-0.09949599951505661,0,-0.3360140025615692,0.11145099997520447,0.9352399706840515,0,0,0.2451779991388321,0.1701900064945221,1,0.09089300036430359,0.030066000297665596,-0.995406985282898,0,0.9358710050582886,0.3390969932079315,0.0956989973783493,0,0.3404169976711273,-0.9402710199356079,0.0026840001810342073,0,0.2196750044822693,0.438401997089386,0.018132999539375305,1,0.619687020778656,-0.06047999858856201,-0.7825160026550293,0,0.7831969857215881,0.11231999844312668,0.6115450263023376,0,0.05090499669313431,-0.9918299913406372,0.11697100102901459,0,0,0.4653570055961609,0,1,0.07564399391412735,0.9789819717407227,-0.1894019991159439,0,-0.9635570049285889,0.12064298987388611,0.23875300586223602,0,0.2565850019454956,0.16444000601768494,0.952430009841919,0,0,0.886605978012085,0,1,0.36889201402664185,0.12740999460220337,0.9206979870796204,0,-0.35349801182746887,0.9353560209274292,0.01219599973410368,0,-0.8596259951591492,-0.3299640119075775,0.39008399844169617,0,0,0.7261480093002319,0,1,-0.42875298857688904,0.8686109781265259,0.24836699664592743,0,0.891152024269104,0.3614780008792877,0.2741909921169281,0,0.14838600158691406,0.33889299631118774,-0.929049015045166,0,0,0.4005550146102905,0,1,0.9406980276107788,0.3333280086517334,-0.06307899951934814,0,-0.33326199650764465,0.9427589774131775,0.01186899933964014,0,0.06342499703168869,0.009857001714408398,0.9979379773139954,0,0,0.1391250044107437,0,1,0.8443809747695923,0.4853070080280304,-0.22693200409412384,0,-0.5154320001602173,0.8514180183410645,-0.09703999757766724,0,0.14611999690532684,0.1989070028066635,0.9690639972686768,0,-0.15554499626159668,0.10600999742746353,-0.08548100292682648,1,0.2392909973859787,-0.012589000165462494,0.9708660244941711,0,-0.9370430111885071,0.25893500447273254,0.2343129962682724,0,-0.2543410062789917,-0.9658129811286926,0.050165001302957535,0,-0.2196750044822693,0.4380800127983093,0.019058000296354294,1,0.9327690005302429,0.08871199935674667,0.349386990070343,0,-0.3587239980697632,0.1330540031194687,0.923911988735199,0,0.035475000739097595,-0.9871309995651245,0.1559319943189621,0,0,0.4653570055961609,0,1,-0.20100800693035126,-0.9739130139350891,-0.1053059995174408,0,0.9795330166816711,-0.20098699629306793,-0.010915999300777912,0,-0.010533999651670456,-0.10534500330686569,0.994379997253418,0,0,0.8872529864311218,0,1,0.9407179951667786,-0.3075140118598938,-0.14312799274921417,0,0.31959399580955505,0.9449419975280762,0.07032100111246109,0,0.1136230006814003,-0.11189500242471695,0.9872030019760132,0,0,0.7279319763183594,0,1,0.3333379924297333,-0.9231489896774292,0.19152699410915375,0,0.013934999704360962,0.2079470008611679,0.9780409932136536,0,-0.942704975605011,-0.3233489990234375,0.08218099921941757,0,0,0.5020880103111267,0,1,0.4579080045223236,-0.8764309883117676,-0.1489589959383011,0,0.7952629923820496,0.32894501090049744,0.5092660188674927,0,-0.3973369896411896,-0.35165899991989136,0.8476200103759766,0,0,0.11502499878406525,0,1,0.9733650088310242,-0.19217200577259064,0.12501999735832214,0,0.1591079980134964,0.9588549733161926,0.23511900007724762,0,-0.16505999863147736,-0.208965003490448,0.9638919830322266,0,0.08702799677848816,0.14993500709533691,-0.01384199969470501,1,-0.9969000220298767,0.04985500127077103,-0.06087399646639824,0,-0.07807599753141403,-0.7227640151977539,0.6866710186004639,0,-0.00976299773901701,0.6892939805984497,0.7244160175323486,0,0.37471601366996765,-0.13445299863815308,-0.004217000212520361,1,0.9864010214805603,0.031717002391815186,0.16126799583435059,0,0.07514700293540955,0.7856050133705139,-0.6141480207443237,0,-0.14617200195789337,0.6179149746894836,0.7725380063056946,0,0,1.068848967552185,0,1,0.9978500008583069,0.06524399667978287,-0.006149999797344208,0,-0.01964299939572811,0.3873029947280884,0.9217429757118225,0,0.06251999735832214,-0.9196410179138184,0.3877519965171814,0,0,1.0775179862976074,0,1,0.9975330233573914,-0.06348299980163574,-0.02996799908578396,0,0.06791599839925766,0.7646769881248474,0.640824019908905,0,-0.01776599884033203,-0.6412789821624756,0.7671020030975342,0,0,0.6545789837837219,0,1,-0.9669319987297058,0.12043198943138123,-0.2248069941997528,0,-0.0000859986394061707,-0.8816350102424622,-0.47193199396133423,0,-0.2550339996814728,-0.45630699396133423,0.8524919748306274,0,-0.37471601366996765,-0.13445299863815308,0.01360899955034256,1,0.9685890078544617,0.003795002354308963,0.24863700568675995,0,0.028954997658729553,0.9913610219955444,-0.12792900204658508,0,-0.24697500467300415,0.13110999763011932,0.9601110219955444,0,0,1.068824052810669,0,1,0.9658089876174927,0.2577749788761139,-0.027674997225403786,0,-0.21325898170471191,0.8506180047988892,0.4805920422077179,0,0.14742597937583923,-0.4582580327987671,0.8765069842338562,0,0,1.0758709907531738,0,1,0.9088069796562195,-0.28870299458503723,0.30119800567626953,0,-0.1824609935283661,0.37420299649238586,0.9092199802398682,0,-0.3752039968967438,-0.8812620043754578,0.2874009907245636,0,0,0.63714200258255,0,1
K0.133,0.995398998260498,0.016118880361318588,-0.09445066750049591,0,-0.0071459268219769,0.9954910278320312,0.09458675980567932,0,0.09554965794086456,-0.09347677230834961,0.9910260438919067,0,0.01906106062233448,2.6144187450408936,0.142130047082901,1,0.9962069988250732,-0.013406009413301945,-0.08597904443740845,0,-0.011318000964820385,0.9597060084342957,-0.2807779610157013,0,0.0862780436873436,0.2806859612464905,0.9559140205383301,0,0,0.2422800064086914,-0.08424399793148041,1,0.9864500164985657,0.035057008266448975,-0.1602720469236374,0,-0.019008997827768326,0.9947460293769836,0.10058903694152832,0,0.16295704245567322,-0.0961790382862091,0.9819340109825134,0,0,0.2992599904537201,0,1,0.9864500164985657,0.035057008266448975,-0.1602720469236374,0,-0.019008997827768326,0.9947469830513,0.10058903694152832,0,0.16295704245567322,-0.0961790382862091,0.9819340109825134,0,0,0.3420119881629944,0,1,0.9895489811897278,-0.03264285996556282,0.14045500755310059,0,-0.007671179715543985,0.9607439637184143,0.27733126282691956,0,-0.14399397373199463,-0.2755102813243866,0.9504519701004028,0,0,0.3847630023956299,0,1,0.9312041401863098,-0.014226139523088932,0.3642207086086273,0,0.05104614794254303,0.9944800138473511,-0.09166710823774338,0,-0.3609066605567932,0.10395314544439316,0.9267901182174683,0,0,0.2451779991388321,0.1701900064945221,1,0.08176997303962708,0.03130699694156647,-0.996159017086029,0,0.9325799942016602,0.35018301010131836,0.08755596727132797,0,0.3515790104866028,-0.9361580014228821,-0.0005620067822746933,0,0.2196750044822693,0.438401997089386,0.018132999539375305,1,0.6113740801811218,-0.04699690267443657,-0.7899449467658997,0,0.7833358645439148,0.17757439613342285,0.5956950187683105,0,0.11227736622095108,-0.9829849600791931,0.1453791856765747,0,0,0.4653570055961609,0,1,0.13640722632408142,0.9661869406700134,-0.21880504488945007,0,-0.9523319602012634,0.18872924149036407,0.2396790236234665,0,0.27287009358406067,0.1756809651851654,0.9458739757537842,0,0,0.886605978012085,0,1,0.35587379336357117,0.12890297174453735,0.925601065158844,0,-0.35699301958084106,0.9340800046920776,0.007171972189098597,0,-0.8636610507965088,-0.3329850733280182,0.3784317970275879,0,0,0.7261480093002319,0,1,-0.4798492193222046,0.8459428548812866,0.23264893889427185,0,0.8679108619689941,0.41889622807502747,0.26694196462631226,0,0.12836191058158875,0.33000996708869934,-0.9352089762687683,0,0,0.4005550146102905,0,1,0.958198070526123,0.2800217568874359,-0.05868598446249962,0,-0.278338760137558,0.9598340392112732,0.0352931022644043,0,0.06621100753545761,-0.017483115196228027,0.997651994228363,0,0,0.1391250044107437,0,1,0.8443800210952759,0.4853070080280304,-0.22693300247192383,0,-0.5154320001602173,0.8514180183410645,-0.09703899919986725,0,0.14612099528312683,0.1989070028066635,0.9690639972686768,0,-0.15554499626159668,0.10600999742746353,-0.08548100292682648,1,0.24206820130348206,-0.011926020495593548,0.9701859354972839,0,-0.9371839165687561,0.25598207116127014,0.23698121309280396,0,-0.2511770725250244,-0.9666079878807068,0.05078805238008499,0,-0.2196750044822693,0.4380800127983093,0.019058000296354294,1,0.9367629885673523,0.0790257528424263,0.340925008058548,0,-0.3492959439754486,0.15094304084777832,0.9247750043869019,0,0.02162075974047184,-0.9853789806365967,0.16900095343589783,0,0,0.4653570055961609,0,1,-0.25261324644088745,-0.9640779495239258,-0.08209801465272903,0,0.9674379229545593,-0.25305524468421936,-0.005151780322194099,0,-0.015809234231710434,-0.08072594553232193,0.9966109991073608,0,0,0.8872529864311218,0,1,0.879360020160675,-0.45990902185440063,-0.12333095073699951,0,0.47354403138160706,0.8717929124832153,0.12543518841266632,0,0.0498308502137661,-0.16870515048503876,0.9844059944152832,0,0,0.7279319763183594,0,1,0.3277309834957123,-0.9319490790367126,0.15512175858020782,0,0.015133006498217583,0.16934674978256226,0.9854400753974915,0,-0.9446499943733215,-0.32061198353767395,0.06960292160511017,0,0,0.5020880103111267,0,1,0.4242478013038635,-0.8912060856819153,-0.16051506996154785,0,0.8079740405082703,0.2925017476081848,0.5114889740943909,0,-0.40889105200767517,-0.34669098258018494,0.8441640138626099,0,0,0.11502499878406525,0,1,0.9733650088310242,-0.19217200577259064,0.12501999735832214,0,0.1591079980134964,0.9588549733161926,0.23511900007724762,0,-0.16505999863147736,-0.208965003490448,0.9638919830322266,0,0.08702799677848816,0.14993500709533691,-0.01384199969470501,1,-0.9939029812812805,0.034059859812259674,-0.1048659011721611,0,-0.09599382430315018,-0.7351871132850647,0.6710329055786133,0,-0.05424104258418083,0.6770078539848328,0.7339740991592407,0,0.37471601366996765,-0.13445299863815308,-0.004217000212520361,1,0.9895510673522949,-0.002704378217458725,0.14415821433067322,0,0.06277699023485184,0.9081611633300781,-0.413887619972229,0,-0.12980015575885773,0.4186125695705414,0.8988412618637085,0,0,1.068848967552185,0,1,0.9990000128746033,0.044454120099544525,-0.004733942449092865,0,-0.00969606265425682,0.31882444024086,0.9477641582489014,0,0.0436411090195179,-0.9467712044715881,0.31893646717071533,0,0,1.0775179862976074,0,1,0.9983220100402832,-0.040835559368133545,-0.04105157032608986,0,0.057626157999038696,0.7699880003929138,0.635450005531311,0,0.005660314112901688,-0.6367499232292175,0.771049976348877,0,0,0.6545789837837219,0,1,-0.9725661277770996,0.14006005227565765,-0.18573933839797974,0,-0.0257344301789999,-0.858315110206604,-0.5124767422676086,0,-0.2312004417181015,-0.49363675713539124,0.8383722305297852,0,-0.37471601366996765,-0.13445299863815308,0.01360899955034256,1,0.9846822023391724,0.052994415163993835,0.1661081612110138,0,0.005773881450295448,0.9422563910484314,-0.33484190702438354,0,-0.17426109313964844,0.33067193627357483,0.9275175333023071,0,0,1.068824052810669,0,1,0.9767760634422302,0.21389973163604736,-0.012435896322131157,0,-0.18051879107952118,0.8528299331665039,0.4899931848049164,0,0.11541581153869629,-0.4763692319393158,0.8716368675231934,0,0,1.0758709907531738,0,1,0.9964699149131775,-0.024293791502714157,0.08035436272621155,0,-0.037018485367298126,0.7319442629814148,0.6803576350212097,0,-0.0753430426120758,-0.6809307336807251,0.728462278842926,0,0,0.63714200258255,0,1
