#MESH MODEL
meshes/Cylinder.004.obj 1.0,0.0,0.0,0.0,0.0,1.0,0.0,0.0,0.0,0.0,1.0,0.0,0.0,0.0,0.0,1.0
meshes/logBig.obj 0.53133,-0.64933,0.54412,0.0,-0.71547,0.0,0.69865,0.0,-0.45365,-0.76051,-0.46457,0.0,-2.08092,0.68678,-11.82572,1.0
meshes/Circle.014.obj 1.0,0.0,0.0,0.0,0.0,1.0,0.0,0.0,0.0,0.0,1.0,0.0,-9.20821,-0.78194,-5.52063,1.0
meshes/Plane.004.obj 1.0,0.0,0.0,0.0,0.0,1.0,0.0,0.0,0.0,0.0,1.0,0.0,-12.82483,-0.61297,-1.42746,1.0
meshes/Circle.013.obj 0.23497,-0.87529,0.42268,0.0,-0.48454,-0.48245,-0.7297,0.0,0.84262,-0.03335,-0.53747,0.0,-1.05951,1.24088,-0.81536,1.0
meshes/Circle.011.obj 0.67242,0.12718,0.72917,0.0,0.73991,-0.08941,-0.66673,0.0,-0.0196,0.98784,-0.15422,0.0,0.84259,0.71075,0.08062,1.0
meshes/Circle.010.obj -0.2192,-0.02018,0.97547,0.0,-0.97137,-0.08941,-0.22012,0.0,0.09166,-0.99579,-0.0,0.0,0.02003,0.35929,-0.3188,1.0
meshes/Circle.009.obj 0.50307,-0.8534,-0.13649,0.0,0.1901,-0.0448,0.98074,0.0,-0.84308,-0.51933,0.1397,0.0,0.55501,1.09805,1.04519,1.0
meshes/Cube.043.obj -0.49601,-0.11802,-0.86026,0.0,0.33402,-0.94042,-0.06357,0.0,-0.8015,-0.31887,0.50588,0.0,-7.31594,0.27758,-4.54839,1.0
meshes/seat_rock.obj 0.52526,0.0,0.85094,0.0,0.0,1.0,0.0,0.0,-0.85094,0.0,0.52526,0.0,-5.59258,0.78058,3.04387,1.0
meshes/rocksRandom.obj 0.42688,0.1361,-0.89401,0.0,0.30376,-0.95275,0.0,0.0,-0.85177,-0.27157,-0.44805,0.0,3.31168,0.28295,-2.97483,1.0
meshes/rock9.obj 1.0,0.0,0.0,0.0,0.0,0.34233,-0.93958,0.0,0.0,0.93958,0.34233,0.0,3.43865,0.68784,-15.15464,1.0
meshes/rock3.obj 0.93916,0.34347,-0.0,0.0,-0.34347,0.93916,0.0,0.0,0.0,0.0,1.0,0.0,-9.86773,0.45108,-0.57406,1.0
meshes/rock1.obj -0.99547,-0.09504,-0.0,0.0,0.09504,-0.99547,0.0,0.0,-0.0,0.0,1.0,0.0,0.00636,0.02624,-12.59826,1.0
meshes/rock10.obj -0.8662,-0.02752,0.49894,0.0,0.08965,0.97372,0.20934,0.0,-0.49159,0.22606,-0.84097,0.0,9.92809,-0.40038,-6.45101,1.0
meshes/Sphere.052.obj -0.94654,-0.0,0.3226,0.0,0.09571,0.95498,0.28082,0.0,-0.30807,0.29669,-0.90392,0.0,-1.28568,0.47874,-3.48264,1.0
meshes/Sphere.051.obj -0.94654,-0.0,0.3226,0.0,0.09571,0.95498,0.28082,0.0,-0.30807,0.29669,-0.90392,0.0,-1.28568,0.47874,-3.48264,1.0
meshes/Sphere.050.obj -0.94654,-0.0,0.3226,0.0,0.09571,0.95498,0.28082,0.0,-0.30807,0.29669,-0.90392,0.0,-1.28568,0.47874,-3.48264,1.0
meshes/Sphere.049.obj -0.94654,-0.0,0.3226,0.0,0.09571,0.95498,0.28082,0.0,-0.30807,0.29669,-0.90392,0.0,-1.28568,0.47874,-3.48264,1.0
meshes/Sphere.048.obj -0.94654,-0.0,0.3226,0.0,0.09571,0.95498,0.28082,0.0,-0.30807,0.29669,-0.90392,0.0,-1.28568,0.47874,-3.48264,1.0
meshes/Sphere.047.obj -0.94654,-0.0,0.3226,0.0,0.09571,0.95498,0.28082,0.0,-0.30807,0.29669,-0.90392,0.0,-1.28568,0.47874,-3.48264,1.0
meshes/Sphere.046.obj -0.94654,-0.0,0.3226,0.0,0.09571,0.95498,0.28082,0.0,-0.30807,0.29669,-0.90392,0.0,-1.28568,0.47874,-3.48264,1.0
meshes/Sphere.045.obj -0.94654,-0.0,0.3226,0.0,0.09571,0.95498,0.28082,0.0,-0.30807,0.29669,-0.90392,0.0,-1.28568,0.47874,-3.48264,1.0
meshes/Sphere.044.obj -0.94654,-0.0,0.3226,0.0,0.09571,0.95498,0.28082,0.0,-0.30807,0.29669,-0.90392,0.0,-1.28568,0.47874,-3.48264,1.0
meshes/Sphere.043.obj -0.94654,-0.0,0.3226,0.0,0.09571,0.95498,0.28082,0.0,-0.30807,0.29669,-0.90392,0.0,-1.28568,0.47874,-3.48264,1.0
meshes/Sphere.042.obj -0.94654,-0.0,0.3226,0.0,0.09571,0.95498,0.28082,0.0,-0.30807,0.29669,-0.90392,0.0,-1.28568,0.47874,-3.48264,1.0
meshes/Sphere.041.obj -0.94654,-0.0,0.3226,0.0,0.09571,0.95498,0.28082,0.0,-0.30807,0.29669,-0.90392,0.0,-1.28568,0.47874,-3.48264,1.0
meshes/Sphere.040.obj -0.94654,-0.0,0.3226,0.0,0.09571,0.95498,0.28082,0.0,-0.30807,0.29669,-0.90392,0.0,-1.28568,0.47874,-3.48264,1.0
meshes/Sphere.039.obj -0.94654,-0.0,0.3226,0.0,0.09571,0.95498,0.28082,0.0,-0.30807,0.29669,-0.90392,0.0,-1.28568,0.47874,-3.48264,1.0
meshes/Sphere.038.obj -0.94654,-0.0,0.3226,0.0,0.09571,0.95498,0.28082,0.0,-0.30807,0.29669,-0.90392,0.0,-1.28568,0.47874,-3.48264,1.0
meshes/Sphere.037.obj -0.94654,-0.0,0.3226,0.0,0.09571,0.95498,0.28082,0.0,-0.30807,0.29669,-0.90392,0.0,-1.28568,0.47874,-3.48264,1.0
meshes/Sphere.036.obj -0.94654,-0.0,0.3226,0.0,0.09571,0.95498,0.28082,0.0,-0.30807,0.29669,-0.90392,0.0,-1.28568,0.47874,-3.48264,1.0
meshes/Circle.002.obj 0.50307,-0.85655,-0.11506,0.0,0.1901,-0.0202,0.98156,0.0,-0.84308,-0.51567,0.15267,0.0,10.71288,0.77712,-1.25474,1.0
meshes/logRectangular.obj -0.80289,0.05012,0.59402,0.0,-0.59459,0.00421,-0.80402,0.0,-0.0428,-0.99873,0.02642,0.0,4.8855,0.68678,-3.316,1.0
meshes/log.obj 0.36722,0.68475,0.6295,0.0,-0.86377,0.0,0.50389,0.0,0.34504,-0.72878,0.59146,0.0,5.5203,0.66776,3.84042,1.0
meshes/rocks_firepit.obj -0.94654,-0.0,0.3226,0.0,0.09571,0.95498,0.28082,0.0,-0.30807,0.29669,-0.90392,0.0,-1.28568,0.47874,-3.48264,1.0
meshes/rock2.obj 1.0,0.0,0.0,0.0,0.0,1.0,0.0,0.0,0.0,0.0,1.0,0.0,7.84061,0.26396,5.38084,1.0
meshes/rock6.obj 0.99877,0.04938,-0.00534,0.0,-0.04966,0.99137,-0.12128,0.0,-0.0007,0.1214,0.9926,0.0,-5.22874,0.18359,-13.0197,1.0
meshes/rock8.obj -0.65847,0.0775,-0.74861,0.0,-0.02913,-0.99656,-0.07755,0.0,-0.75204,-0.02926,0.65846,0.0,10.73689,0.68678,-8.60368,1.0
meshes/rock4.obj 1.0,0.0,0.0,0.0,0.0,1.0,0.0,0.0,0.0,0.0,1.0,0.0,-7.69,0.13772,-0.8577,1.0
meshes/rockSculpted.obj 1.0,0.0,-0.0,0.0,-0.0,-0.85221,-0.5232,0.0,-0.0,0.5232,-0.85221,0.0,-19.3289,0.87496,-4.37088,1.0
meshes/rock5.obj 0.90393,0.42767,-0.0,0.0,-0.42767,0.90393,0.0,0.0,0.0,-0.0,1.0,0.0,-22.35221,0.39789,-14.43132,1.0
meshes/grass.obj 1.0,0.0,0.0,0.0,0.0,1.0,0.0,0.0,0.0,0.0,1.0,0.0,-0.47614,0.0,-1.14328,1.0
meshes/rock4.001.obj 1.0,0.0,0.0,0.0,0.0,1.0,0.0,0.0,0.0,0.0,1.0,0.0,27.41524,0.68358,13.71564,1.0
meshes/rockSculpted.001.obj 0.07908,0.0,0.99687,0.0,0.52156,-0.85221,-0.04137,0.0,0.84954,0.5232,-0.06739,0.0,18.6813,0.68678,-4.37088,1.0
meshes/rock1.001.obj -0.39699,-0.91782,-0.0,0.0,0.91782,-0.39699,0.0,0.0,-0.0,0.0,1.0,0.0,20.68134,0.68678,-12.59826,1.0
meshes/rock8.001.obj -0.99392,0.0775,-0.07822,0.0,-0.07493,-0.99656,-0.03533,0.0,-0.08069,-0.02926,0.99631,0.0,-15.17557,0.68678,-8.60368,1.0

